79
279
395
408
437
454
582
584
588
709
727
751
806
814
1061
1446
1459
1468
1622
1716
1775
1962
2130
2199
2243
2278
2291
2324
2460
3047
3218
3446
3457
3878
4285
4436
4630
4842
5095
5117
5355
5433
5633
5781
5855
5993
6002
6178
6213
6501
6545
6591
6937
7226
7266
7312
7549
7627
7634
7934
8097
8311
8362
8410
8752
8782
9493
9930
9986
10029
10119
10221
10252
10572
10990
11227
11259
11351
11490
11510
11567
11575
11583
11708
11892
11899
12058
12135
12328
12573
12856
12877
13156
13161
13266
13369
13475
13509
13672
13771
13793
13939
13942
14074
14206
14425
14894
15023
15058
15188
15239
15336
15525
15688
15730
15746
16097
17107
17209
17340
17440
17543
17683
17757
17776
17898
18094
18293
18349
18489
18880
19023
19125
19614
19712
19776
19827
20052
20143
20181
20356
20407
20456
20628
20712
20759
20850
21746
21869
21903
21941
21959
22029
22177
22346
22643
22656
22685
22840
22847
23030
23156
23298
23319
23494
23593
23608
23614
23692
23774
23825
24008
24059
24541
24591
24825
24906
25193
25233
25244
25715
25908
26307
26984
27004
27047
27211
27292
27329
27404
27600
28037
28088
28292
28399
28566
28576
28803
28825
29038
29102
29353
29547
29707
29724
29735
29835
30262
30288
30323
30351
30465
30665
31061
31458
31524
31629
31800
31978
32017
32355
32397
32751
33009
33145
33388
33501
33606
33875
33882
34105
34225
34405
34459
34797
34866
34941
35049
35148
35216
35464
35488
35532
35666
35731
35903
36032
36182
