15
17
25
54
56
107
108
142
183
229
237
242
258
287
313
347
352
358
370
420
424
428
433
447
453
464
525
532
576
616
641
663
670
671
672
692
699
711
713
758
766
771
795
797
805
818
820
840
846
867
879
889
899
912
944
959
979
1002
1013
1015
1016
1028
1044
1082
1090
1139
1177
1183
1209
1213
1226
1255
1260
1272
1279
1314
1329
1352
1362
1371
1374
1403
1440
1441
1510
1516
1528
1620
1644
1646
1650
1694
1703
1721
1728
1754
1757
1760
1777
1788
1838
1845
1907
1921
1956
1957
1976
1986
1989
2009
2020
2025
2051
2064
2091
2108
2136
2140
2144
2174
2187
2208
2215
2237
2252
2265
2277
2283
2289
2326
2382
2387
2394
2408
2430
2435
2454
2494
2523
2531
2533
2542
2548
2561
2575
2592
2597
2672
2697
2702
2716
2719
2725
2731
2741
2761
2766
2791
2822
2834
2870
2884
2886
2888
2904
2908
2944
2998
3001
3007
3009
3013
3022
3023
3045
3076
3079
3178
3183
3190
3194
3195
3200
3212
3365
3376
3381
3383
3391
3439
3460
3486
3513
3532
3557
3575
3578
3615
3633
3648
3696
3698
3699
3700
3730
3734
3755
3756
3773
3774
3790
3798
3799
3800
3808
3815
3827
3839
3847
3863
3884
3888
3901
3921
3941
3954
3959
3986
4008
4035
4057
4060
4061
4118
4140
4188
4191
4200
4215
4218
4232
4239
4248
4254
4298
4306
4307
4332
4333
4380
4438
4461
4494
4502
4505
4510
4534
4544
4558
4625
4628
4652
4663
4667
4673
4682
4722
4744
4750
4769
4772
4794
4811
4816
4818
4835
4857
4867
4885
4891
4897
4929
4936
4941
4963
4968
5003
5011
5055
5060
5070
5072
5081
5090
5094
5134
5140
5156
5166
5179
5188
5209
5215
5230
5235
5241
5257
5271
5291
5293
5294
5321
5342
5354
5359
5405
5436
5523
5527
5534
5608
5625
5628
5635
5639
5650
5661
5701
5723
5736
5765
5791
5798
5819
5848
5854
5859
5867
5871
5882
5890
5905
5920
5922
5935
5936
5945
5949
5952
5964
5999
6000
6016
6021
6031
6038
6056
6061
6063
6107
6125
6129
6161
6184
6189
6199
6243
6251
6263
6270
6274
6293
6294
6299
6305
6343
6364
6378
6383
6393
6395
6399
6400
6405
6410
6420
6452
6471
6478
6487
6490
6496
6503
6552
6578
6580
6607
6609
6621
6624
6629
6655
6661
6677
6685
6686
6698
6720
6742
6745
6753
6772
6786
6797
6828
6874
6880
6892
6893
6901
6904
6911
6926
6947
6962
6972
6989
7018
7024
7052
7064
7102
7109
7130
7184
7217
7271
7287
7288
7323
7326
7327
7388
7422
7450
7460
7478
7498
7530
7555
7571
7583
7590
7605
7635
7653
7659
7678
7688
7704
7718
7720
7731
7732
7736
7754
7758
7759
7782
7788
7797
7817
7828
7856
7863
7871
7875
7889
7896
7942
7955
7981
7986
8008
8029
8035
8038
8066
8093
8099
8117
8120
8127
8145
8183
8205
8226
8230
8239
8290
8305
8310
8319
8333
8344
8375
8378
8396
8400
8405
8469
8480
8491
8511
8514
8528
8541
8552
8554
8652
8676
8690
8703
8717
8726
8742
8781
8828
8879
8893
8933
8942
8974
8994
9000
9001
9026
9036
9070
9080
9092
9166
9183
9192
9195
9203
9217
9220
9235
9256
9258
9264
9298
9308
9316
9326
9348
9372
9429
9443
9455
9478
9496
9517
9518
9525
9540
9547
9549
9584
9590
9600
9604
9629
9638
9667
9723
9757
9770
9772
9776
9802
9803
9855
9864
9902
9904
9925
9929
9939
9968
9974
9997
10006
10015
10017
10018
10019
10023
10030
10046
10065
10084
10131
10154
10160
10190
10226
10240
10253
10263
10266
10273
10275
10311
10338
10352
10374
10377
10379
10381
10449
10471
10486
10494
10495
10514
10519
10524
10555
10596
10597
10602
10621
10645
10646
10650
10659
10678
10745
10789
10830
10841
10847
10871
10878
10948
10958
10979
10984
10999
11001
11019
11055
11057
11074
11114
11120
11145
11150
11193
11211
11228
11249
11276
11289
11301
11306
11336
11343
11359
11366
11368
11391
11398
11405
11417
11430
11439
11447
11453
11461
11465
11526
11539
11543
11547
11568
11587
11620
11628
11653
11668
11669
11671
11672
11699
11702
11731
11771
11788
11801
11807
11818
11854
11858
11886
11889
11916
11935
11949
11961
12006
12009
12036
12074
12114
12116
12129
12133
12159
12163
12173
12174
12178
12180
12187
12216
12245
12287
12288
12310
12322
12346
12347
12384
12442
12443
12458
12461
12472
12477
12478
12508
12538
12577
12579
12630
12653
12697
12706
12712
12718
12731
12745
12750
12757
12780
12782
12793
12823
12838
12839
12903
12955
12992
13005
13059
13096
13143
13164
13233
13256
13288
13341
13352
13379
13407
13409
13415
13417
13420
13429
13433
13445
13455
13476
13487
13495
13515
13525
13531
13538
13547
13565
13571
13605
13607
13614
13615
13625
13663
13684
13695
13702
13706
13709
13713
13743
13765
13783
13784
13787
13796
13810
13813
13823
13862
13876
13883
13885
13901
13932
13984
14029
14036
14084
14101
14131
14134
14229
14232
14256
14269
14276
14292
14297
14317
14320
14322
14357
14358
14361
14384
14388
14462
14463
14487
14494
14518
14520
14534
14597
14604
14616
14628
14639
14655
14661
14675
14676
14727
14733
14751
14769
14794
14823
14845
14889
14896
14911
14918
14927
14980
14985
14997
15011
15015
15053
15054
15061
15071
15085
15093
15105
15115
15127
15150
15151
15215
15220
15231
15313
15355
15417
15421
15427
15452
15460
15475
15502
15509
15516
15523
15524
15532
15579
15580
15597
15610
15619
15642
15652
15698
15727
15738
15739
15783
15855
15860
15868
15870
15877
15897
15908
15909
15917
15959
15975
15978
15997
15999
16002
16005
16030
16037
16039
16047
16055
16067
16086
16098
16107
16115
16119
16137
16191
16211
16214
16240
16268
16275
16316
16320
16396
16401
16404
16415
16423
16447
16451
16459
16496
16503
16515
16518
16527
16532
16538
16564
16615
16621
16625
16648
16655
16659
16677
16679
16713
16765
16785
16837
16859
16872
16876
16877
16878
16898
16912
16914
16933
16934
16940
16943
17004
17007
17028
17032
17045
17076
17084
17086
17101
17108
17130
17159
17165
17168
17180
17198
17204
17208
17231
17242
17243
17256
17263
17270
17273
17294
17335
17347
17409
17415
17418
17454
17464
17518
17532
17534
17542
17546
17558
17580
17587
17590
17613
17645
17648
17681
17711
17713
17729
17742
17743
17764
17773
17787
17797
17820
17823
17825
17857
17870
17875
17909
17918
17926
17932
17935
17946
17960
17974
17996
18038
18045
18055
18087
18107
18136
18137
18168
18228
18243
18248
18262
18269
18277
18296
18303
18330
18345
18369
18377
18414
18435
18445
18459
18463
18465
18466
18474
18483
18509
18524
18527
18538
18588
18638
18660
18661
18662
18698
18728
18759
18763
18786
18807
18837
18843
18855
18871
18877
18907
18923
18939
18993
19021
19030
19032
19043
19070
19075
19077
19088
19097
19103
19151
19199
19216
19238
19261
19263
19277
19278
19284
19287
19300
19308
19322
19354
19395
19397
19401
19412
19455
19464
19475
19480
19506
19541
19560
19583
19588
19591
19593
19596
19616
19622
19631
19649
19651
19685
19716
19735
19744
19790
19793
19820
19829
19836
19869
19874
19878
19904
19931
19937
19951
19971
19990
20000
20004
20022
20024
20055
20057
20060
20080
20087
20107
20110
20121
20131
20154
20187
20196
20212
20219
20282
20285
20302
20305
20321
20323
20374
20380
20426
20451
20455
20459
20466
20489
20495
20509
20515
20528
20532
20548
20563
20568
20579
20586
20587
20601
20661
20668
20670
20681
20695
20698
20701
20716
20728
20740
20751
20756
20779
20781
20783
20789
20790
20799
20861
20877
20904
20911
20928
20930
20962
20966
21004
21036
21046
21059
21071
21081
21085
21090
21093
21111
21115
21117
21156
21174
21180
21190
21192
21209
21226
21256
21268
21270
21282
21291
21338
21368
21415
21439
21443
21461
21487
21489
21499
21530
21540
21566
21597
21605
21608
21640
21642
21667
21682
21683
21704
21727
21728
21737
21751
21771
21828
21855
21871
21877
21900
21901
21939
21954
21980
21986
21987
21993
22022
22034
22038
22043
22069
22077
22081
22095
22106
22109
22115
22120
22156
22168
22171
22175
22190
22202
22205
22225
22243
22246
22263
22268
22269
22273
22275
22291
22299
22325
22334
22339
22349
22352
22364
22389
22394
22404
22431
22432
22454
22475
22500
22512
22525
22527
22539
22544
22551
22568
22607
22616
22633
22640
22642
22665
22678
22690
22701
22703
22711
22727
22738
22743
22793
22797
22824
22827
22830
22840
22845
22902
22930
22958
22964
22984
22987
22995
23031
23050
23073
23111
23115
23123
23131
23132
23148
23155
23160
23168
23173
23202
23242
23277
23287
23354
23433
23442
23472
23494
23507
23515
23529
23622
23626
23660
23675
23701
23735
23745
23753
23777
23784
23789
23839
23854
23890
23898
23899
23908
23959
23970
23976
23978
23983
24009
24017
24021
24022
24037
24071
24086
24121
24145
24158
24160
24163
24179
24180
24182
24186
24230
24235
24280
24307
24316
24333
24339
24383
24434
24445
24490
24505
24565
24576
24602
24603
24617
24627
24652
24708
24710
24722
24734
24741
24754
24805
24808
24819
24821
24828
24897
24902
24930
24949
24951
24960
24991
25020
25029
25072
25080
25104
25111
25117
25179
25180
25187
25194
25199
25205
25210
25237
25288
25307
25320
25332
25348
25361
25368
25372
25390
25411
25412
25427
25433
25438
25458
25500
25523
25536
25541
25546
25547
25594
25612
25616
25617
25630
25636
25639
25648
25653
25656
25659
25705
25725
25726
25730
25771
25835
25836
25873
25878
25883
25925
25940
25942
25985
26042
26070
26101
26105
26128
26134
26162
26195
26221
26248
26329
26345
26356
26358
26372
26404
26410
26459
26462
26487
26498
26503
26504
26508
26512
26521
26522
26534
26569
26572
26593
26597
26598
26610
26617
26618
26620
26638
26660
26673
26674
26675
26694
26698
26719
26729
26767
26778
26781
26794
26803
26815
26829
26849
26852
26884
26932
26946
26956
26998
27037
27045
27064
27160
27179
27183
27194
27195
27199
27209
27218
27255
27275
27276
27305
27307
27312
27319
27400
27411
27419
27423
27437
27461
27484
27500
27501
27509
27518
27527
27553
27605
27619
27623
27670
27687
27698
27781
27783
27786
27787
27790
27794
27812
27823
27839
27860
27863
27894
27901
27936
27959
27963
27989
28003
28031
28033
28034
28045
28048
28051
28054
28062
28091
28128
28145
28151
28170
28190
28191
28199
28208
28220
28233
28255
28295
28298
28332
28338
28346
28354
28365
28397
28402
28405
28407
28409
28422
28432
28498
28515
28529
28564
28588
28589
28641
28664
28679
28681
28716
28719
28738
28776
28777
28787
28794
28799
28812
28819
28827
28864
28866
28881
28882
28894
28910
28912
28917
28921
28938
28952
28967
28993
29014
29024
29042
29054
29082
29105
29119
29123
29126
29133
29155
29162
29209
29221
29258
29279
29326
29331
29380
29387
29389
29394
29396
29403
29428
29448
29450
29454
29457
29481
29487
29498
29501
29535
29536
29557
29575
29590
29599
29601
29617
29643
29647
29650
29667
29669
29693
29708
29737
29752
29757
29761
29774
29807
29810
29822
29834
29843
29899
29907
29922
29923
29932
29938
29940
29967
29970
29986
30000
30010
30037
30049
30084
30087
30106
30114
30124
30133
30164
30214
30218
30221
30246
30261
30298
30309
30331
30349
30370
30381
30384
30392
30427
30432
30439
30454
30455
30476
30478
30481
30492
30499
30507
30513
30516
30518
30538
30550
30553
30556
30557
30570
30600
30602
30607
30648
30659
30667
30673
30679
30693
30738
30742
30747
30748
30751
30753
30770
30774
30784
30844
30848
30890
30935
30946
30950
30982
30987
31004
31051
31062
31076
31077
31103
31123
31153
31204
31211
31248
31256
31286
31299
31301
31303
31313
31346
31353
31366
31369
31391
31395
31438
31454
31472
31518
31535
31568
31571
31621
31631
31644
31665
31666
31670
31683
31715
31777
31797
31802
31838
31887
31892
31894
31902
31907
31915
31923
31982
31986
32009
32043
32049
32076
32090
32098
32101
32114
32115
32133
32157
32169
32174
32191
32199
32226
32247
32267
32277
32278
32283
32287
32305
32326
32364
32374
32399
32404
32415
32428
32454
32461
32465
32476
32477
32481
32497
32521
32526
32553
32557
32560
32566
32596
32623
32634
32659
32673
32681
32694
32715
32717
32719
32730
32731
32747
32770
32778
32785
32799
32833
32839
32842
32847
32848
32850
32866
32888
32941
32946
32949
32952
33053
33060
33063
33065
33084
33094
33127
33154
33174
33187
33210
33239
33241
33249
33318
33328
33343
33372
33401
33409
33428
33468
33474
33477
33504
33518
33540
33544
33550
33551
33588
33604
33623
33641
33660
33687
33746
33760
33766
33809
33823
33825
33826
33847
33850
33900
33908
33928
33934
33977
33989
34009
34019
34041
34072
34100
34101
34136
34144
34152
34174
34179
34188
34191
34197
34239
34255
34275
34276
34282
34290
34310
34312
34344
34372
34374
34378
34393
34421
34429
34436
34463
34464
34488
34496
34505
34512
34534
34541
34551
34576
34585
34590
34616
34619
34667
34674
34725
34726
34766
34772
34775
34783
34790
34799
34802
34814
34818
34824
34843
34874
34898
34911
34916
34924
34954
34970
34980
34998
35001
35024
35041
35053
35056
35070
35123
35124
35130
35155
35157
35167
35173
35197
35213
35245
35254
35256
35259
35284
35306
35311
35325
35333
35350
35402
35418
35426
35438
35458
35459
35462
35466
35476
35481
35511
35535
35537
35541
35555
35558
35571
35607
35614
35620
35627
35628
35636
35639
35656
35667
35668
35671
35712
35733
35749
35779
35789
35802
35807
35808
35826
35840
35843
35860
35883
35886
35891
35908
35913
35924
35932
35946
35961
35971
35985
36007
36027
36028
36030
36058
36076
36171
36176
36191
36208
36210
36218
36236
36263
36270
36294
36312
36320
36324
36329
36339
36346
36357
36369
36370
36389
36394
36412
36426
36436
36446
36452
36470
36479
36481
36482
36509
36522
36548
36549
36551
36558
36565
36586
36590
36597
36629
36632
36633
36641
36656
36681
36698
36699
36708
36712
36719
36720
36743
36768
36774
36790
36793
36800
36803
36834
36841
36861
36864
36905
36915
36950
36957
36995
