44
49
78
194
214
232
238
263
283
291
295
369
553
647
760
821
862
905
928
1073
1100
1124
1157
1163
1176
1264
1297
1376
1500
1692
1713
1780
1960
2013
2285
2330
2374
2455
2479
2628
2645
2706
2726
2887
2901
2934
2981
3004
3149
3248
3368
3476
3490
3623
3646
3695
3726
3743
3749
3752
3819
3853
3862
3886
3937
3955
3969
4044
4053
4105
4130
4144
4204
4259
4291
4401
5199
5203
5268
5394
5435
5482
5569
5604
5607
5619
5647
5888
6068
6091
6154
6277
6306
6336
6392
6488
6521
6533
6605
6615
6721
6812
6998
7074
7113
7278
7424
7431
7440
7462
7523
7559
7575
7598
7689
7786
7913
8206
8222
8352
8445
8611
8740
8802
8813
8949
8978
8998
9154
9179
9250
9271
9394
9420
9431
9518
9634
9666
9706
9759
9765
9830
9923
9982
10040
10082
10091
10147
10208
10228
10237
10281
10342
10535
10547
10583
10588
10644
10733
10759
10822
10918
10951
10954
10963
11013
11024
11045
11075
11129
11269
11296
11393
11419
11442
11724
11745
11804
11824
11871
11939
12093
12195
12227
12297
12306
12314
12351
12365
12414
12494
12631
12687
12693
12810
12872
12920
12921
12929
13030
13053
13169
13245
13406
13524
13561
13627
13644
13733
13734
13834
13849
13902
13912
13957
14123
14157
14329
14358
14415
14430
14563
14567
14729
14833
14891
14900
14903
14945
14973
15012
15067
15075
15367
15442
15585
15674
15734
15799
15843
15882
16003
16205
16222
16298
16373
16420
16478
16656
16669
16681
16739
16817
16883
16908
16915
16980
17085
17094
17119
17121
17160
17192
17223
17254
17293
17295
17334
17398
17446
17458
17480
17493
17511
17643
17755
17800
17801
17814
18002
18053
18170
18180
18231
18398
18422
18448
18479
18525
18548
18585
18778
19006
19013
19319
19338
19349
19427
19429
19490
19492
19608
19708
19824
19838
19850
19943
19961
19970
20053
20065
20105
20212
20340
20368
20458
20572
20629
20780
20805
20836
20846
20926
21152
21178
21331
21409
21567
21570
21693
21699
21813
22036
22046
22072
22187
22251
22300
22403
22424
22470
22494
22683
22835
22932
22975
23042
23044
23177
23195
23308
23323
23480
23663
23746
23857
23891
23905
23936
23974
24081
24154
24243
24314
24406
24537
24549
24582
24632
24704
24707
24873
24933
24936
24943
25009
25037
25130
25137
25161
25185
25225
25336
25366
25403
25425
25538
25737
25760
25853
25886
25902
26021
26032
26138
26147
26299
26312
26331
26424
26458
26505
26517
26542
26594
26873
26892
26919
26926
26988
27006
27050
27072
27086
27222
27239
27350
27444
27445
27705
27712
27766
27795
27826
27837
27853
27931
28069
28078
28223
28244
28248
28327
28339
28373
28520
28826
28879
28888
28917
28927
28955
29035
29196
29295
29338
29592
29594
29646
29702
29736
29750
29770
30048
30112
30123
30128
30168
30228
30329
30339
30365
30452
30474
30598
30701
30837
30866
30955
30984
31024
31030
31142
31215
31223
31241
31288
31579
31594
31698
32015
32110
32130
32245
32304
32306
32424
32624
32689
32852
32907
33018
33082
33095
33147
33322
33435
33479
33491
33500
33605
33616
33917
34036
34104
34212
34227
34376
34404
34472
34499
34502
34514
34610
34661
34697
34828
34840
34856
34882
34905
35020
35035
35267
35296
35313
35330
35352
35363
35366
35401
35431
35567
35591
35662
35694
35770
35835
35975
36013
36046
36072
36202
36435
36481
36660
36725
36733
36843
36909
36980
36983
37000
