38
53
116
126
285
332
422
499
770
776
957
969
981
991
1006
1068
1165
1272
1574
1834
1950
2274
2487
2657
2705
2773
2796
2827
2949
2959
3105
3444
3487
3541
3548
3705
3711
3806
3838
3889
3992
4015
4295
4309
4320
4457
4486
4524
4563
5152
5162
5250
5308
5360
5538
5675
5866
6069
6130
6372
6583
6611
6630
6775
6778
6816
6854
6913
6915
6999
7091
7161
7193
7595
7635
7668
7750
7839
7917
8079
8152
8193
8329
8351
8397
8418
8551
8604
8613
8772
8807
8817
8839
8900
8999
9090
9390
9462
9470
9530
9643
10073
10313
10314
10317
10467
10536
10625
10766
10786
10841
10892
11164
11192
11275
11285
11320
11454
11486
11610
11635
12126
12253
12268
12377
12507
12511
12520
12684
12732
12808
13021
13225
13254
13258
13344
13455
13456
13606
13612
13659
13898
13972
14036
14048
14067
14304
14436
14685
14801
14993
15169
15217
15243
15245
15315
15316
15319
15399
15496
15889
16043
16098
16188
16271
16350
16469
16501
16529
16550
16707
16977
17017
17509
17512
17777
17848
18110
18134
18391
18402
18468
18598
18653
18675
18709
18713
18738
18764
18925
19170
19274
19276
19388
19408
19447
19553
19612
19619
19659
19672
19861
20017
20310
20361
20365
20379
20491
20519
20719
20765
20812
20894
20934
21020
21030
21057
21089
21174
21207
21431
21455
21506
21518
21677
21703
21715
21940
22003
22027
22113
22183
22211
22219
22333
22399
22496
22701
22716
22855
23065
23159
23201
23204
23231
23352
23463
23677
23781
23885
24282
24344
24371
24651
24792
25030
25086
25484
25502
25678
25695
25707
25774
25776
25824
25923
26000
26082
26275
26328
26399
26561
26685
26842
26860
26905
27040
27145
27212
27362
27438
27476
27523
27711
27761
27803
27855
27916
27992
28154
28258
28285
28401
28423
28477
28503
28835
28946
28995
29247
29317
29340
29343
29488
29627
29723
29728
29754
30066
30070
30074
30246
30306
30447
30580
30610
30702
30781
30835
30882
30908
30945
31057
31071
31083
31240
31317
31400
31411
31431
31549
31639
31669
31675
31681
31735
31885
32051
32236
32274
32510
32513
32693
32712
32741
32858
32988
33430
33526
33583
33786
33824
33850
33990
34069
34139
34383
34430
34699
34803
35008
35075
35118
35309
35437
35692
35747
35753
35814
36033
36066
36229
36308
36367
36603
36704
36795
