859
891
1009
1121
1252
1702
1734
1891
2344
2658
2759
3006
3401
3432
3744
3914
3977
4316
4485
4935
5114
5201
5295
5478
6094
6654
6920
9233
9625
9949
10194
10212
10322
10532
11032
11413
11546
12242
13295
14016
14091
14119
14216
15087
15449
16246
16787
17088
17093
17523
17930
18085
19090
19840
19884
20257
20910
21058
21328
22464
22904
23103
23523
23899
24000
24669
24839
25965
26201
26249
26605
27263
27327
27492
27543
27643
27922
30996
31035
31127
31930
31998
32874
33368
33533
33709
33958
34113
34392
34511
34515
34646
35901
35941
36000
36140
36654
36918
