2
7
9
10
19
22
27
28
29
30
37
57
58
61
64
65
70
73
75
81
86
90
92
95
98
99
110
111
115
117
129
131
133
135
140
141
145
148
150
154
155
156
165
166
172
174
180
182
184
189
203
206
209
216
218
220
221
226
230
235
236
239
242
244
245
246
251
258
260
266
275
276
281
292
293
294
297
302
306
310
318
319
322
324
326
330
331
334
335
336
337
339
360
361
363
364
365
367
372
375
376
377
378
379
387
388
392
411
412
413
416
420
423
424
425
426
430
434
440
443
444
449
451
453
455
456
457
460
465
469
470
471
472
473
474
478
483
485
486
487
489
494
495
500
501
503
517
520
527
531
533
534
535
543
551
552
555
568
574
575
577
583
590
593
594
596
600
606
607
610
613
614
615
618
621
625
627
629
633
635
636
638
642
655
656
657
659
664
665
667
669
673
674
675
676
681
683
684
685
686
688
689
698
702
705
711
712
717
720
722
723
732
735
737
738
741
749
750
755
756
758
759
761
762
764
765
768
772
773
775
780
787
788
790
792
798
800
804
812
819
822
823
825
826
827
833
834
839
842
845
853
855
857
864
866
868
869
892
893
896
910
913
915
917
921
927
932
938
941
945
947
952
960
961
964
965
966
967
968
970
971
974
976
987
989
990
992
993
994
996
998
999
1000
1005
1010
1015
1017
1023
1025
1029
1033
1035
1042
1044
1049
1052
1056
1058
1060
1063
1064
1066
1067
1084
1093
1094
1095
1105
1106
1107
1108
1109
1110
1112
1118
1119
1127
1133
1134
1141
1143
1144
1149
1151
1152
1156
1164
1167
1171
1172
1175
1178
1180
1183
1184
1189
1191
1193
1195
1208
1215
1222
1224
1235
1236
1238
1241
1244
1246
1249
1253
1257
1261
1268
1271
1275
1280
1282
1283
1284
1292
1293
1294
1301
1305
1306
1307
1310
1311
1312
1313
1319
1323
1324
1326
1331
1337
1340
1341
1342
1345
1348
1351
1360
1361
1364
1378
1381
1382
1383
1385
1386
1388
1389
1393
1396
1399
1404
1408
1409
1410
1411
1419
1420
1422
1426
1428
1429
1430
1432
1437
1443
1448
1449
1450
1452
1454
1460
1462
1463
1464
1466
1467
1472
1473
1475
1476
1477
1480
1482
1483
1484
1492
1498
1504
1505
1506
1507
1508
1511
1518
1519
1520
1521
1522
1524
1526
1527
1532
1534
1535
1536
1538
1539
1540
1543
1550
1551
1553
1556
1557
1559
1561
1563
1564
1566
1567
1568
1573
1576
1578
1579
1580
1581
1582
1583
1585
1592
1597
1598
1602
1603
1607
1608
1609
1611
1612
1614
1617
1618
1623
1624
1625
1626
1627
1631
1633
1635
1642
1644
1647
1651
1654
1661
1665
1667
1668
1670
1677
1681
1685
1686
1693
1695
1697
1699
1700
1701
1706
1708
1717
1722
1724
1730
1739
1740
1741
1742
1746
1748
1752
1763
1765
1770
1773
1776
1778
1786
1787
1792
1796
1798
1799
1801
1803
1804
1805
1806
1809
1810
1812
1813
1816
1817
1823
1825
1828
1830
1833
1835
1837
1838
1841
1843
1844
1856
1865
1866
1868
1870
1873
1876
1877
1880
1881
1883
1890
1892
1894
1901
1904
1905
1906
1908
1911
1912
1913
1914
1921
1924
1927
1928
1932
1933
1936
1937
1938
1939
1941
1944
1951
1954
1959
1964
1965
1968
1971
1972
1975
1976
1979
1980
1981
1983
1984
1985
1988
1991
1994
1996
1998
2000
2005
2007
2010
2015
2018
2019
2023
2024
2028
2031
2033
2035
2036
2037
2038
2041
2045
2047
2050
2052
2054
2058
2059
2060
2061
2062
2066
2068
2074
2075
2077
2079
2081
2084
2088
2089
2093
2100
2105
2106
2113
2117
2118
2119
2121
2122
2123
2127
2131
2132
2137
2139
2141
2144
2146
2148
2151
2153
2158
2162
2164
2166
2168
2172
2173
2175
2177
2181
2185
2189
2191
2193
2194
2201
2205
2211
2212
2216
2218
2219
2221
2225
2229
2230
2235
2236
2239
2245
2248
2255
2257
2262
2263
2264
2270
2272
2273
2275
2280
2287
2295
2296
2297
2305
2306
2310
2311
2312
2313
2314
2315
2319
2320
2326
2328
2329
2331
2332
2334
2340
2341
2343
2345
2346
2349
2350
2353
2358
2359
2361
2362
2367
2371
2372
2376
2379
2380
2386
2388
2390
2392
2393
2395
2399
2403
2404
2409
2410
2411
2412
2413
2414
2416
2418
2420
2421
2422
2426
2432
2433
2438
2440
2441
2444
2445
2447
2452
2457
2464
2465
2467
2469
2471
2474
2481
2482
2488
2489
2491
2496
2499
2500
2502
2504
2505
2506
2508
2513
2514
2516
2517
2519
2521
2522
2524
2529
2538
2541
2543
2545
2549
2550
2553
2556
2557
2562
2564
2565
2567
2568
2572
2577
2578
2579
2582
2584
2585
2590
2591
2596
2598
2599
2600
2601
2606
2607
2617
2627
2632
2633
2635
2636
2637
2642
2649
2651
2652
2653
2655
2660
2663
2664
2669
2671
2674
2677
2678
2680
2681
2684
2686
2688
2690
2691
2699
2701
2707
2717
2718
2719
2720
2721
2735
2737
2738
2744
2746
2748
2750
2751
2753
2754
2756
2757
2763
2764
2767
2769
2777
2781
2786
2787
2789
2790
2793
2806
2807
2808
2810
2811
2824
2829
2832
2835
2841
2846
2847
2848
2849
2851
2857
2859
2863
2866
2868
2871
2874
2886
2892
2893
2894
2898
2900
2902
2903
2905
2910
2914
2915
2916
2917
2918
2921
2923
2924
2925
2929
2930
2933
2938
2939
2945
2948
2950
2951
2953
2954
2956
2960
2962
2968
2971
2973
2978
2980
2982
2986
2988
2989
2993
2994
2996
2997
2999
3009
3016
3020
3026
3027
3028
3029
3031
3032
3035
3037
3038
3040
3049
3055
3059
3061
3063
3064
3066
3067
3070
3071
3075
3078
3080
3081
3082
3088
3091
3094
3098
3099
3100
3101
3102
3103
3104
3107
3108
3110
3113
3114
3116
3119
3121
3122
3124
3125
3126
3127
3130
3132
3136
3138
3139
3142
3144
3145
3150
3155
3158
3159
3163
3165
3168
3170
3172
3173
3175
3177
3178
3184
3186
3197
3201
3204
3208
3210
3211
3213
3216
3217
3219
3221
3224
3225
3228
3232
3233
3237
3243
3244
3246
3249
3253
3259
3265
3267
3274
3275
3276
3278
3281
3283
3284
3285
3288
3291
3292
3293
3297
3304
3306
3307
3308
3310
3315
3319
3321
3322
3326
3332
3334
3335
3336
3337
3339
3343
3345
3346
3350
3353
3356
3357
3359
3361
3363
3364
3365
3366
3373
3378
3379
3380
3385
3387
3391
3392
3396
3398
3405
3409
3413
3414
3417
3421
3423
3434
3440
3442
3445
3450
3451
3452
3453
3454
3456
3458
3464
3465
3466
3469
3470
3472
3474
3477
3479
3484
3492
3498
3500
3502
3504
3505
3508
3509
3510
3512
3515
3517
3519
3520
3528
3533
3536
3539
3540
3544
3547
3549
3552
3554
3555
3556
3558
3563
3566
3567
3570
3571
3573
3576
3577
3582
3584
3588
3590
3592
3594
3595
3596
3598
3599
3600
3602
3606
3607
3609
3614
3615
3616
3617
3621
3624
3637
3647
3651
3657
3659
3669
3671
3673
3677
3678
3680
3685
3686
3687
3694
3697
3704
3706
3709
3714
3715
3717
3728
3730
3732
3737
3740
3742
3745
3747
3748
3751
3753
3755
3759
3764
3772
3781
3782
3784
3787
3788
3789
3791
3794
3802
3803
3810
3811
3813
3814
3817
3818
3820
3821
3822
3830
3831
3834
3840
3841
3843
3844
3845
3850
3852
3856
3857
3860
3869
3870
3872
3874
3876
3877
3881
3891
3892
3894
3895
3899
3902
3905
3906
3907
3910
3911
3912
3913
3915
3917
3918
3923
3929
3931
3933
3938
3941
3944
3946
3948
3957
3958
3961
3966
3970
3973
3974
3979
3980
3985
3987
3991
3994
3996
3999
4000
4003
4006
4009
4010
4011
4017
4018
4020
4021
4029
4037
4038
4043
4055
4066
4067
4068
4069
4076
4079
4080
4081
4082
4083
4084
4086
4090
4093
4096
4099
4100
4101
4104
4109
4113
4115
4120
4121
4129
4131
4134
4146
4150
4151
4154
4163
4165
4174
4175
4179
4185
4186
4199
4208
4209
4211
4212
4222
4224
4228
4229
4235
4238
4242
4243
4245
4247
4249
4250
4251
4253
4256
4257
4260
4271
4272
4273
4276
4277
4279
4284
4287
4288
4290
4297
4299
4301
4302
4305
4311
4313
4315
4317
4319
4323
4324
4325
4326
4329
4333
4343
4345
4347
4349
4353
4358
4359
4370
4371
4377
4378
4385
4386
4388
4389
4390
4393
4397
4398
4402
4403
4407
4412
4413
4414
4416
4418
4420
4421
4422
4427
4430
4433
4437
4443
4445
4448
4450
4452
4454
4455
4464
4465
4467
4473
4480
4490
4492
4494
4497
4502
4507
4509
4511
4516
4518
4522
4532
4536
4538
4539
4542
4543
4550
4551
4552
4558
4560
4565
4568
4569
4574
4577
4579
4580
4586
4588
4591
4594
4600
4605
4608
4609
4610
4612
4613
4616
4617
4619
4626
4627
4631
4632
4635
4636
4641
4642
4644
4648
4649
4650
4654
4658
4660
4661
4662
4671
4679
4681
4682
4683
4685
4688
4690
4691
4697
4698
4700
4708
4714
4715
4716
4720
4721
4722
4723
4724
4736
4741
4747
4751
4753
4758
4763
4764
4765
4766
4768
4773
4775
4776
4778
4780
4781
4782
4783
4786
4798
4799
4805
4810
4814
4815
4817
4818
4819
4820
4822
4823
4825
4826
4827
4830
4840
4841
4844
4849
4855
4868
4869
4873
4874
4875
4879
4880
4882
4884
4886
4887
4890
4892
4901
4902
4904
4907
4911
4921
4922
4924
4926
4929
4932
4940
4942
4943
4945
4948
4951
4952
4958
4959
4962
4963
4967
4973
4976
4978
4981
4982
4984
4985
4988
4994
4996
4998
5000
5008
5018
5020
5021
5022
5025
5033
5041
5042
5043
5048
5049
5050
5051
5052
5056
5058
5064
5065
5068
5069
5074
5075
5080
5086
5088
5089
5093
5097
5098
5101
5102
5106
5107
5109
5110
5113
5115
5120
5121
5126
5127
5130
5132
5148
5150
5154
5158
5159
5163
5165
5167
5168
5170
5171
5172
5176
5180
5181
5182
5183
5184
5187
5190
5197
5202
5206
5208
5209
5210
5212
5217
5218
5221
5222
5223
5233
5242
5244
5249
5251
5254
5255
5260
5266
5267
5271
5273
5278
5281
5282
5283
5286
5287
5291
5292
5298
5299
5301
5305
5306
5307
5309
5313
5314
5315
5319
5320
5322
5324
5327
5331
5334
5337
5338
5341
5342
5345
5349
5350
5354
5361
5362
5365
5367
5375
5377
5378
5386
5392
5395
5398
5404
5406
5409
5410
5412
5414
5420
5421
5422
5429
5434
5439
5440
5442
5445
5446
5450
5451
5462
5466
5471
5472
5473
5476
5481
5483
5484
5487
5489
5492
5495
5496
5497
5499
5501
5507
5511
5512
5513
5514
5516
5519
5521
5522
5528
5530
5531
5533
5535
5536
5537
5539
5542
5543
5545
5552
5555
5557
5560
5561
5562
5570
5572
5578
5580
5586
5590
5593
5596
5597
5598
5599
5601
5609
5610
5611
5612
5614
5615
5620
5627
5629
5630
5634
5635
5636
5641
5643
5644
5645
5646
5648
5652
5656
5667
5668
5670
5673
5674
5676
5677
5678
5682
5685
5695
5699
5700
5704
5705
5706
5710
5712
5713
5714
5719
5722
5725
5729
5730
5731
5734
5741
5754
5755
5759
5761
5763
5765
5768
5770
5771
5773
5774
5776
5779
5790
5794
5795
5798
5800
5807
5809
5813
5816
5817
5825
5828
5830
5832
5833
5835
5838
5842
5845
5846
5850
5851
5852
5858
5862
5863
5865
5868
5871
5878
5879
5880
5881
5886
5889
5890
5891
5894
5895
5900
5904
5907
5909
5915
5918
5919
5922
5925
5932
5934
5936
5937
5938
5940
5942
5944
5945
5948
5950
5951
5953
5956
5959
5961
5966
5970
5971
5975
5979
5980
5983
5984
5988
5994
5996
5998
6005
6006
6009
6014
6018
6019
6022
6024
6025
6027
6028
6029
6032
6035
6036
6037
6039
6041
6045
6050
6053
6057
6059
6060
6062
6064
6065
6066
6071
6074
6076
6077
6081
6082
6083
6089
6090
6096
6102
6110
6111
6114
6115
6118
6119
6120
6122
6134
6136
6137
6138
6143
6144
6145
6148
6150
6161
6169
6171
6173
6174
6175
6176
6179
6182
6187
6189
6190
6193
6194
6195
6196
6201
6203
6204
6210
6211
6217
6218
6228
6230
6232
6234
6237
6238
6240
6241
6242
6244
6246
6247
6248
6254
6258
6260
6262
6266
6270
6275
6278
6282
6285
6286
6292
6302
6304
6307
6311
6314
6315
6316
6319
6324
6327
6329
6330
6333
6338
6339
6340
6341
6342
6344
6345
6346
6347
6351
6352
6355
6361
6365
6368
6370
6371
6374
6377
6380
6381
6382
6394
6396
6399
6402
6403
6404
6406
6412
6416
6418
6426
6431
6432
6437
6438
6439
6440
6443
6444
6446
6449
6450
6452
6455
6459
6462
6463
6473
6477
6478
6479
6480
6484
6485
6489
6491
6493
6494
6495
6497
6504
6505
6507
6511
6512
6515
6518
6522
6523
6524
6529
6531
6532
6537
6541
6547
6549
6550
6551
6554
6555
6557
6562
6565
6566
6569
6570
6572
6573
6574
6576
6577
6587
6590
6592
6597
6601
6603
6604
6609
6614
6616
6618
6624
6628
6638
6642
6643
6646
6648
6649
6650
6660
6662
6664
6667
6668
6670
6672
6678
6680
6681
6682
6686
6689
6690
6691
6692
6694
6696
6701
6705
6711
6713
6714
6719
6722
6727
6729
6737
6738
6739
6744
6751
6755
6758
6759
6760
6761
6763
6764
6766
6770
6771
6777
6782
6784
6788
6790
6794
6796
6801
6802
6804
6807
6808
6810
6817
6818
6821
6825
6830
6833
6838
6843
6847
6852
6856
6862
6866
6867
6868
6869
6871
6872
6876
6878
6879
6881
6883
6885
6888
6891
6896
6899
6900
6908
6909
6912
6917
6918
6926
6927
6929
6930
6932
6933
6935
6938
6939
6941
6942
6944
6945
6946
6947
6948
6949
6950
6951
6955
6957
6963
6964
6968
6969
6974
6975
6977
6978
6979
6980
6981
6982
6984
6989
6994
6995
6997
7000
7001
7002
7006
7007
7009
7011
7013
7017
7020
7024
7026
7032
7034
7035
7042
7045
7047
7060
7062
7067
7071
7077
7107
7110
7112
7116
7117
7118
7120
7121
7122
7125
7133
7136
7139
7145
7147
7148
7149
7155
7156
7158
7159
7165
7166
7169
7171
7172
7178
7182
7191
7196
7197
7198
7201
7202
7208
7210
7214
7218
7219
7221
7224
7225
7234
7237
7242
7246
7248
7252
7256
7260
7261
7262
7263
7267
7272
7277
7283
7284
7285
7286
7288
7292
7293
7297
7299
7302
7303
7304
7306
7307
7317
7320
7325
7328
7330
7331
7335
7339
7341
7348
7354
7358
7359
7360
7361
7365
7366
7368
7377
7381
7382
7391
7393
7400
7401
7402
7405
7409
7411
7414
7417
7420
7423
7425
7428
7429
7437
7438
7443
7445
7446
7451
7452
7453
7454
7455
7469
7471
7476
7477
7480
7483
7487
7489
7491
7496
7497
7500
7501
7504
7505
7511
7512
7513
7514
7525
7526
7529
7531
7532
7533
7534
7538
7539
7542
7545
7547
7550
7553
7554
7557
7560
7561
7562
7563
7564
7567
7568
7579
7586
7589
7593
7596
7597
7599
7603
7604
7608
7612
7613
7614
7616
7618
7620
7621
7622
7626
7629
7631
7640
7645
7646
7649
7650
7654
7656
7660
7661
7664
7670
7674
7677
7680
7681
7683
7685
7687
7690
7700
7701
7702
7706
7707
7708
7711
7713
7722
7729
7734
7736
7737
7738
7740
7741
7742
7745
7746
7749
7751
7753
7755
7757
7759
7762
7763
7767
7768
7771
7773
7774
7775
7780
7783
7790
7791
7793
7798
7801
7803
7804
7806
7807
7812
7813
7815
7816
7820
7825
7829
7830
7844
7846
7849
7850
7853
7865
7867
7869
7870
7878
7880
7882
7886
7891
7895
7900
7906
7911
7914
7915
7918
7919
7920
7922
7929
7932
7933
7936
7940
7943
7945
7946
7952
7955
7957
7958
7959
7960
7963
7967
7968
7969
7970
7972
7974
7975
7976
7980
7985
7987
7989
7997
8000
8001
8002
8003
8004
8005
8010
8011
8013
8015
8018
8019
8020
8022
8023
8028
8035
8041
8049
8050
8052
8053
8056
8060
8061
8065
8068
8075
8077
8080
8081
8083
8086
8091
8095
8098
8100
8102
8103
8104
8109
8111
8113
8115
8116
8118
8119
8126
8129
8131
8134
8135
8137
8141
8149
8151
8153
8154
8155
8160
8163
8166
8167
8168
8178
8180
8182
8183
8184
8185
8186
8187
8191
8200
8201
8202
8204
8207
8210
8211
8213
8218
8223
8227
8234
8235
8238
8240
8245
8246
8248
8249
8252
8253
8255
8258
8259
8261
8263
8270
8271
8272
8275
8278
8281
8282
8295
8299
8306
8314
8317
8318
8322
8323
8324
8326
8330
8341
8342
8347
8348
8349
8350
8354
8356
8358
8359
8360
8366
8367
8369
8372
8377
8380
8384
8387
8389
8392
8403
8404
8408
8412
8413
8415
8420
8423
8424
8426
8427
8428
8431
8438
8440
8446
8448
8449
8450
8451
8454
8461
8466
8467
8469
8470
8472
8475
8478
8494
8498
8501
8505
8508
8509
8512
8515
8522
8523
8526
8527
8529
8532
8533
8534
8536
8547
8548
8550
8553
8559
8561
8563
8564
8567
8571
8572
8582
8584
8586
8589
8592
8594
8595
8596
8597
8598
8599
8602
8612
8614
8616
8619
8620
8622
8623
8626
8627
8629
8630
8633
8634
8637
8640
8643
8645
8648
8654
8657
8659
8664
8666
8669
8672
8683
8686
8687
8689
8692
8694
8695
8696
8705
8708
8709
8710
8713
8719
8720
8721
8726
8728
8731
8732
8734
8736
8745
8749
8751
8753
8760
8762
8765
8769
8773
8775
8777
8783
8784
8785
8788
8797
8798
8799
8800
8803
8805
8811
8812
8814
8816
8819
8820
8822
8824
8826
8832
8834
8837
8838
8840
8843
8844
8845
8851
8855
8856
8863
8865
8868
8871
8877
8878
8885
8893
8895
8897
8898
8901
8903
8905
8906
8907
8910
8912
8915
8917
8919
8929
8932
8937
8941
8946
8951
8953
8954
8955
8957
8959
8960
8961
8963
8966
8968
8969
8970
8971
8972
8975
8976
8977
8984
8985
8990
8997
9002
9005
9006
9007
9008
9011
9013
9014
9015
9016
9018
9023
9028
9030
9038
9041
9043
9044
9045
9048
9051
9052
9063
9068
9074
9075
9076
9077
9078
9079
9080
9081
9082
9085
9087
9089
9093
9097
9099
9101
9111
9112
9113
9117
9120
9121
9122
9127
9130
9131
9132
9134
9135
9136
9140
9141
9144
9149
9150
9151
9153
9155
9156
9157
9160
9170
9173
9175
9176
9177
9178
9190
9191
9193
9194
9196
9197
9203
9205
9207
9209
9214
9216
9217
9218
9221
9223
9226
9228
9234
9242
9245
9249
9253
9255
9260
9261
9262
9263
9265
9267
9269
9270
9272
9277
9285
9288
9290
9299
9300
9305
9306
9313
9315
9316
9317
9318
9320
9321
9322
9323
9324
9325
9327
9329
9332
9335
9336
9337
9338
9339
9341
9342
9345
9347
9349
9350
9351
9359
9366
9367
9368
9371
9372
9374
9381
9384
9387
9388
9389
9400
9402
9403
9406
9407
9414
9416
9419
9430
9434
9439
9441
9447
9456
9459
9460
9465
9467
9471
9472
9474
9483
9485
9487
9488
9489
9495
9497
9499
9500
9502
9511
9514
9520
9524
9526
9527
9532
9537
9539
9543
9544
9545
9550
9551
9553
9554
9557
9561
9564
9567
9568
9573
9575
9577
9583
9586
9587
9593
9597
9599
9601
9608
9613
9614
9615
9616
9618
9619
9620
9623
9627
9628
9632
9646
9649
9650
9652
9655
9658
9659
9661
9662
9663
9665
9675
9676
9680
9682
9686
9688
9689
9690
9694
9695
9697
9698
9705
9707
9710
9714
9715
9717
9719
9721
9722
9723
9725
9732
9735
9737
9739
9745
9753
9754
9756
9761
9763
9764
9766
9773
9774
9782
9787
9789
9794
9795
9799
9801
9802
9807
9810
9819
9821
9822
9827
9831
9832
9835
9839
9841
9842
9844
9847
9848
9854
9856
9858
9859
9863
9865
9866
9869
9870
9871
9872
9873
9874
9875
9877
9880
9882
9883
9885
9891
9897
9899
9905
9908
9913
9914
9917
9919
9920
9921
9931
9935
9936
9937
9944
9946
9947
9948
9951
9952
9953
9954
9959
9960
9963
9966
9972
9973
9977
9979
9981
9984
9987
9988
9989
9993
9995
9996
10000
10002
10004
10008
10010
10012
10017
10024
10026
10027
10028
10031
10039
10045
10047
10048
10053
10055
10056
10058
10061
10067
10070
10071
10087
10093
10097
10098
10099
10103
10106
10108
10111
10112
10115
10121
10123
10126
10130
10139
10140
10141
10142
10144
10145
10149
10151
10154
10155
10156
10157
10162
10163
10165
10172
10175
10181
10182
10187
10191
10198
10201
10206
10214
10218
10223
10232
10234
10239
10240
10248
10249
10251
10257
10259
10260
10261
10265
10267
10270
10277
10278
10280
10282
10287
10289
10292
10294
10296
10299
10304
10306
10307
10312
10318
10321
10327
10333
10334
10335
10340
10347
10353
10355
10359
10360
10362
10363
10366
10367
10369
10371
10375
10376
10380
10384
10386
10387
10392
10393
10398
10405
10407
10411
10414
10415
10417
10419
10421
10422
10424
10437
10441
10444
10447
10451
10454
10460
10461
10463
10469
10480
10481
10482
10483
10484
10485
10486
10487
10488
10495
10503
10504
10505
10511
10516
10520
10522
10527
10531
10534
10538
10541
10542
10543
10544
10546
10548
10549
10551
10553
10557
10565
10566
10567
10569
10574
10575
10579
10581
10584
10587
10590
10591
10594
10599
10612
10613
10614
10615
10620
10621
10622
10630
10631
10638
10641
10643
10653
10658
10660
10662
10663
10665
10667
10668
10669
10673
10674
10679
10680
10682
10684
10689
10690
10693
10699
10700
10701
10706
10708
10712
10713
10716
10717
10721
10726
10730
10732
10737
10741
10742
10746
10748
10749
10754
10755
10757
10758
10761
10763
10765
10768
10770
10772
10775
10780
10783
10784
10785
10788
10790
10791
10793
10795
10803
10805
10807
10810
10815
10816
10817
10820
10827
10828
10831
10839
10842
10843
10845
10848
10850
10851
10854
10856
10858
10859
10860
10861
10863
10864
10867
10872
10873
10875
10877
10884
10888
10889
10890
10891
10893
10898
10900
10902
10905
10910
10911
10920
10924
10926
10931
10933
10934
10935
10939
10940
10943
10947
10950
10956
10957
10962
10965
10966
10968
10971
10974
10975
10976
10985
10989
10991
10994
10995
11000
11002
11009
11010
11012
11015
11017
11026
11029
11030
11034
11036
11041
11049
11050
11065
11067
11068
11069
11074
11076
11081
11082
11085
11086
11088
11091
11098
11099
11101
11104
11105
11106
11108
11115
11116
11123
11126
11127
11136
11140
11144
11146
11147
11150
11155
11158
11159
11163
11165
11168
11169
11172
11175
11176
11179
11180
11181
11183
11196
11198
11205
11207
11208
11211
11213
11216
11219
11224
11229
11231
11235
11237
11238
11243
11245
11247
11250
11252
11255
11260
11261
11263
11264
11270
11273
11277
11288
11295
11298
11299
11300
11301
11302
11304
11305
11306
11307
11308
11312
11314
11316
11318
11321
11323
11328
11330
11333
11335
11336
11340
11344
11347
11354
11363
11364
11365
11368
11369
11377
11378
11380
11385
11391
11399
11405
11407
11408
11410
11423
11424
11435
11443
11444
11449
11457
11458
11463
11466
11467
11471
11472
11474
11475
11477
11478
11480
11483
11484
11488
11489
11495
11496
11497
11500
11501
11503
11504
11505
11507
11509
11515
11520
11521
11524
11525
11527
11528
11530
11531
11534
11535
11538
11540
11542
11544
11549
11551
11553
11556
11557
11559
11560
11564
11565
11571
11574
11577
11579
11585
11586
11587
11590
11593
11599
11600
11602
11603
11604
11605
11612
11614
11616
11618
11624
11625
11629
11630
11634
11636
11638
11646
11648
11655
11661
11666
11676
11679
11686
11688
11689
11690
11691
11695
11696
11697
11699
11703
11705
11706
11707
11711
11712
11718
11720
11723
11725
11726
11727
11728
11732
11735
11737
11742
11744
11746
11747
11750
11753
11760
11766
11774
11775
11778
11780
11781
11794
11795
11800
11803
11805
11806
11812
11820
11827
11834
11836
11837
11841
11845
11849
11853
11855
11856
11857
11862
11863
11866
11869
11874
11878
11880
11881
11882
11885
11888
11890
11895
11900
11903
11906
11907
11908
11913
11914
11915
11925
11929
11931
11933
11941
11942
11943
11945
11946
11952
11955
11956
11957
11962
11963
11965
11967
11971
11974
11976
11977
11979
11988
11990
11995
11999
12000
12001
12004
12007
12008
12011
12013
12015
12021
12022
12025
12026
12033
12045
12047
12048
12050
12051
12054
12057
12061
12064
12066
12068
12070
12073
12077
12089
12092
12107
12108
12110
12113
12117
12120
12122
12123
12127
12129
12131
12134
12137
12146
12153
12155
12159
12160
12165
12167
12170
12171
12175
12176
12177
12178
12182
12183
12186
12188
12189
12192
12193
12198
12203
12204
12205
12206
12208
12210
12211
12214
12216
12218
12219
12220
12223
12228
12233
12235
12241
12243
12248
12249
12254
12256
12260
12262
12265
12266
12267
12270
12272
12277
12280
12281
12289
12290
12294
12300
12302
12303
12312
12315
12316
12318
12319
12320
12321
12322
12324
12325
12327
12330
12335
12336
12341
12343
12344
12350
12352
12353
12356
12357
12360
12363
12367
12369
12371
12372
12373
12374
12379
12380
12381
12385
12387
12388
12393
12394
12395
12398
12403
12404
12409
12417
12420
12421
12422
12423
12424
12430
12433
12441
12452
12455
12457
12462
12464
12473
12476
12478
12480
12485
12487
12488
12490
12491
12495
12501
12506
12510
12512
12524
12526
12528
12529
12530
12531
12532
12534
12536
12540
12544
12548
12555
12557
12562
12568
12570
12572
12574
12575
12579
12585
12586
12592
12594
12596
12597
12598
12605
12607
12613
12614
12615
12619
12620
12622
12625
12626
12633
12635
12637
12640
12650
12652
12654
12655
12658
12662
12663
12671
12676
12682
12683
12685
12686
12688
12692
12694
12700
12702
12703
12707
12710
12716
12720
12721
12722
12725
12727
12728
12729
12734
12737
12739
12741
12744
12748
12749
12750
12753
12754
12757
12758
12761
12764
12765
12766
12767
12773
12775
12776
12781
12786
12787
12789
12791
12792
12794
12798
12799
12801
12804
12805
12806
12809
12811
12812
12814
12818
12820
12822
12824
12826
12831
12834
12843
12848
12854
12859
12862
12864
12867
12868
12869
12870
12874
12875
12878
12880
12882
12888
12889
12896
12901
12905
12915
12917
12924
12925
12926
12933
12941
12947
12948
12953
12954
12956
12957
12958
12960
12962
12963
12965
12967
12969
12970
12971
12973
12978
12982
12989
12993
12994
12995
13001
13003
13004
13006
13007
13008
13020
13023
13024
13027
13031
13032
13033
13034
13037
13038
13046
13049
13051
13052
13054
13055
13058
13060
13061
13062
13066
13069
13070
13072
13073
13076
13077
13079
13081
13082
13083
13084
13086
13091
13097
13098
13099
13100
13112
13117
13118
13119
13121
13124
13129
13131
13134
13138
13139
13140
13144
13145
13148
13154
13162
13165
13167
13168
13173
13175
13176
13180
13181
13185
13186
13190
13191
13193
13194
13195
13197
13198
13199
13200
13203
13209
13226
13234
13239
13240
13242
13243
13246
13248
13255
13256
13259
13262
13273
13276
13278
13280
13283
13284
13291
13293
13299
13302
13303
13304
13306
13309
13312
13321
13324
13325
13329
13330
13331
13332
13340
13342
13346
13349
13350
13351
13356
13358
13364
13366
13370
13371
13374
13378
13380
13382
13385
13386
13391
13392
13393
13399
13401
13408
13411
13412
13418
13422
13423
13429
13430
13432
13437
13439
13441
13442
13444
13450
13452
13458
13462
13465
13467
13468
13471
13472
13474
13477
13479
13484
13485
13490
13492
13494
13497
13506
13510
13513
13516
13519
13522
13526
13528
13537
13547
13548
13552
13555
13559
13563
13567
13568
13573
13574
13577
13578
13579
13583
13585
13586
13588
13590
13595
13596
13599
13600
13601
13602
13604
13605
13613
13615
13616
13617
13622
13623
13624
13625
13631
13638
13642
13643
13646
13647
13648
13650
13652
13653
13655
13656
13666
13669
13675
13677
13680
13681
13682
13683
13686
13687
13690
13691
13692
13697
13704
13705
13706
13707
13710
13711
13718
13719
13720
13724
13726
13727
13728
13730
13736
13739
13741
13742
13744
13745
13747
13754
13760
13763
13766
13768
13770
13772
13776
13780
13784
13785
13786
13792
13796
13797
13800
13802
13806
13816
13820
13822
13827
13828
13831
13832
13836
13839
13841
13845
13847
13851
13852
13853
13859
13861
13864
13868
13871
13872
13874
13875
13877
13881
13884
13886
13890
13892
13895
13896
13900
13909
13910
13914
13918
13919
13920
13923
13924
13925
13930
13934
13935
13953
13967
13968
13970
13975
13976
13980
13981
13982
13990
13991
13992
13993
13996
13997
14006
14008
14011
14017
14020
14024
14025
14028
14030
14032
14033
14041
14043
14044
14049
14050
14051
14052
14053
14054
14055
14056
14057
14058
14059
14061
14064
14070
14075
14085
14086
14087
14093
14094
14095
14096
14099
14102
14108
14109
14111
14114
14115
14116
14117
14118
14125
14136
14141
14145
14146
14147
14148
14149
14150
14156
14159
14162
14163
14164
14165
14166
14168
14182
14183
14185
14187
14188
14189
14190
14192
14193
14194
14195
14199
14201
14205
14209
14214
14218
14225
14230
14235
14236
14241
14245
14248
14258
14259
14261
14262
14264
14265
14274
14275
14281
14283
14284
14286
14287
14289
14290
14291
14292
14294
14299
14300
14306
14307
14309
14312
14317
14319
14322
14325
14326
14331
14333
14337
14343
14346
14347
14349
14350
14353
14362
14371
14372
14373
14376
14380
14385
14391
14395
14398
14403
14407
14411
14412
14414
14419
14421
14422
14423
14424
14427
14431
14433
14437
14438
14447
14448
14453
14455
14458
14459
14465
14468
14469
14470
14474
14476
14483
14486
14488
14490
14493
14498
14500
14505
14508
14512
14513
14515
14520
14521
14522
14526
14530
14532
14539
14545
14549
14553
14554
14557
14562
14565
14570
14576
14579
14582
14587
14589
14593
14595
14596
14597
14598
14602
14605
14608
14609
14610
14614
14619
14622
14623
14629
14631
14654
14659
14663
14669
14674
14677
14684
14689
14690
14692
14694
14696
14702
14703
14707
14709
14710
14711
14713
14715
14720
14724
14725
14726
14728
14733
14735
14737
14738
14740
14742
14747
14752
14755
14756
14757
14760
14761
14762
14763
14764
14765
14773
14781
14782
14785
14787
14788
14789
14790
14792
14793
14797
14808
14810
14811
14812
14814
14816
14817
14827
14829
14830
14832
14836
14839
14840
14843
14844
14847
14848
14856
14857
14862
14865
14875
14877
14879
14882
14883
14885
14899
14907
14909
14910
14912
14913
14917
14918
14919
14922
14924
14929
14931
14932
14941
14944
14946
14947
14948
14950
14957
14960
14961
14962
14974
14975
14990
14996
14998
15004
15016
15017
15022
15024
15025
15029
15035
15036
15037
15041
15042
15043
15045
15046
15047
15048
15052
15057
15059
15062
15064
15065
15069
15072
15073
15078
15088
15089
15091
15092
15094
15095
15098
15099
15101
15102
15105
15108
15110
15111
15116
15120
15121
15122
15124
15128
15136
15137
15138
15140
15141
15143
15155
15160
15161
15163
15164
15175
15177
15180
15182
15183
15193
15202
15203
15207
15212
15213
15219
15223
15225
15226
15227
15229
15230
15233
15234
15249
15250
15251
15252
15253
15254
15255
15257
15259
15262
15263
15265
15266
15268
15270
15271
15285
15287
15288
15290
15291
15293
15297
15300
15302
15308
15312
15314
15322
15323
15325
15326
15329
15331
15338
15340
15342
15345
15346
15348
15351
15357
15359
15361
15362
15376
15385
15387
15390
15392
15393
15398
15403
15404
15407
15408
15413
15416
15419
15422
15424
15425
15427
15428
15430
15431
15432
15435
15436
15439
15441
15448
15450
15454
15457
15458
15459
15463
15465
15466
15468
15470
15471
15473
15481
15482
15488
15493
15494
15504
15505
15506
15509
15511
15512
15517
15518
15522
15529
15531
15539
15540
15541
15542
15544
15549
15552
15554
15555
15556
15557
15559
15571
15578
15580
15581
15586
15587
15588
15590
15592
15603
15605
15607
15608
15611
15612
15616
15618
15622
15625
15628
15641
15645
15649
15650
15658
15665
15666
15668
15670
15671
15679
15684
15686
15689
15691
15697
15700
15705
15707
15708
15709
15710
15711
15713
15714
15715
15717
15719
15726
15729
15731
15732
15736
15737
15742
15752
15754
15756
15764
15765
15767
15772
15773
15775
15776
15777
15778
15779
15780
15784
15787
15789
15790
15800
15801
15806
15807
15813
15815
15818
15820
15821
15822
15823
15827
15830
15831
15834
15836
15837
15838
15840
15851
15853
15856
15857
15861
15862
15863
15864
15869
15872
15873
15874
15881
15883
15884
15885
15890
15891
15892
15900
15902
15904
15906
15914
15915
15922
15923
15924
15926
15942
15948
15949
15950
15951
15953
15954
15955
15957
15958
15960
15961
15963
15964
15967
15970
15974
15977
15982
15983
15985
15986
15987
15988
15989
15990
15991
15993
15995
15996
15999
16000
16006
16008
16010
16013
16024
16028
16029
16030
16033
16034
16035
16036
16042
16046
16051
16056
16058
16062
16066
16071
16072
16074
16076
16080
16082
16083
16087
16088
16100
16101
16102
16109
16116
16117
16120
16121
16125
16126
16128
16132
16137
16141
16142
16143
16144
16150
16152
16157
16158
16161
16163
16166
16174
16178
16179
16180
16184
16190
16193
16196
16197
16200
16201
16202
16203
16204
16206
16210
16213
16215
16219
16221
16223
16225
16232
16235
16238
16239
16242
16244
16245
16250
16254
16255
16256
16257
16258
16259
16262
16265
16268
16269
16272
16274
16279
16280
16281
16283
16287
16293
16296
16297
16303
16304
16306
16309
16314
16318
16323
16324
16326
16328
16330
16331
16335
16339
16340
16341
16343
16348
16349
16356
16357
16358
16370
16371
16375
16376
16377
16378
16381
16385
16387
16391
16393
16395
16397
16399
16403
16408
16409
16411
16418
16421
16425
16431
16433
16435
16442
16445
16452
16453
16455
16460
16463
16464
16468
16470
16472
16474
16475
16476
16479
16482
16490
16492
16494
16495
16496
16502
16506
16519
16520
16534
16539
16540
16542
16543
16551
16555
16556
16560
16561
16567
16570
16577
16583
16585
16586
16587
16590
16591
16596
16597
16600
16605
16608
16609
16610
16611
16612
16619
16620
16628
16633
16634
16637
16638
16642
16643
16644
16645
16650
16651
16652
16661
16665
16666
16670
16678
16683
16684
16685
16687
16689
16690
16692
16698
16699
16700
16702
16711
16714
16715
16718
16720
16722
16723
16725
16726
16727
16738
16742
16744
16746
16747
16749
16751
16754
16758
16766
16767
16769
16772
16775
16778
16780
16782
16784
16790
16792
16793
16794
16796
16803
16807
16808
16809
16812
16818
16824
16825
16834
16844
16847
16848
16849
16850
16855
16874
16879
16885
16886
16888
16892
16894
16898
16902
16903
16905
16906
16913
16921
16923
16924
16929
16937
16939
16941
16942
16946
16947
16953
16956
16958
16959
16960
16967
16974
16975
16981
16983
16986
16999
17002
17005
17008
17012
17013
17014
17020
17022
17023
17025
17026
17027
17031
17035
17036
17037
17042
17045
17053
17060
17061
17064
17065
17068
17071
17073
17074
17082
17083
17092
17095
17096
17102
17104
17105
17108
17109
17112
17122
17123
17128
17133
17136
17138
17139
17141
17142
17144
17145
17146
17155
17157
17162
17166
17171
17174
17176
17179
17182
17185
17186
17187
17189
17194
17196
17197
17199
17201
17202
17205
17206
17207
17211
17212
17214
17216
17218
17227
17232
17235
17239
17246
17251
17252
17255
17261
17262
17265
17266
17267
17269
17274
17277
17281
17286
17288
17289
17290
17291
17292
17299
17303
17308
17309
17314
17324
17325
17326
17327
17332
17335
17337
17338
17341
17343
17345
17348
17350
17352
17353
17354
17355
17356
17358
17360
17364
17366
17372
17384
17385
17391
17393
17401
17402
17403
17404
17406
17407
17412
17413
17415
17417
17418
17421
17422
17429
17432
17434
17438
17447
17452
17459
17463
17464
17466
17467
17468
17469
17470
17473
17475
17476
17479
17484
17486
17489
17490
17492
17494
17495
17498
17504
17505
17508
17514
17517
17519
17522
17526
17528
17530
17531
17534
17535
17537
17540
17551
17552
17553
17557
17560
17565
17566
17572
17573
17574
17584
17588
17592
17595
17596
17600
17601
17602
17607
17610
17612
17613
17615
17620
17621
17623
17627
17628
17631
17635
17641
17646
17649
17653
17659
17660
17663
17664
17665
17667
17670
17677
17682
17685
17686
17689
17692
17694
17699
17701
17703
17705
17707
17709
17710
17714
17717
17720
17725
17728
17730
17733
17734
17739
17746
17748
17750
17752
17753
17761
17773
17775
17778
17780
17781
17782
17784
17788
17789
17791
17792
17799
17802
17804
17808
17809
17811
17813
17816
17819
17826
17828
17829
17835
17836
17838
17839
17841
17849
17850
17857
17859
17861
17862
17868
17869
17871
17874
17876
17877
17882
17885
17886
17887
17889
17891
17894
17909
17911
17914
17916
17917
17919
17923
17929
17933
17935
17937
17943
17952
17954
17957
17958
17959
17965
17966
17969
17970
17972
17973
17976
17978
17985
17987
17990
17991
17992
17994
17995
17996
17997
17998
18001
18007
18011
18012
18015
18018
18019
18020
18024
18026
18027
18030
18031
18032
18033
18034
18036
18037
18039
18041
18057
18061
18064
18066
18072
18076
18079
18081
18088
18092
18095
18097
18098
18105
18112
18113
18114
18117
18121
18125
18126
18136
18150
18151
18152
18154
18157
18159
18162
18171
18172
18178
18179
18182
18183
18186
18188
18189
18191
18192
18196
18197
18203
18204
18209
18214
18215
18217
18218
18219
18220
18224
18225
18228
18230
18233
18235
18238
18239
18244
18247
18249
18253
18255
18261
18265
18267
18268
18270
18271
18274
18275
18276
18280
18281
18282
18283
18284
18285
18298
18302
18304
18305
18307
18308
18311
18312
18313
18317
18320
18322
18324
18329
18332
18342
18346
18348
18350
18351
18355
18358
18360
18362
18364
18370
18375
18380
18381
18382
18384
18385
18389
18399
18403
18405
18408
18409
18412
18415
18419
18423
18427
18428
18429
18430
18432
18437
18439
18440
18441
18442
18443
18449
18450
18452
18453
18455
18457
18464
18469
18476
18477
18480
18481
18488
18501
18503
18505
18512
18513
18514
18517
18520
18522
18523
18524
18526
18529
18530
18531
18535
18536
18537
18543
18545
18546
18556
18557
18560
18561
18567
18569
18573
18578
18580
18581
18582
18583
18590
18591
18592
18600
18603
18604
18606
18607
18610
18611
18612
18614
18616
18617
18618
18622
18623
18624
18630
18631
18636
18637
18641
18644
18645
18649
18650
18651
18656
18657
18658
18659
18661
18663
18672
18674
18679
18680
18682
18683
18696
18700
18702
18704
18706
18712
18718
18720
18722
18723
18728
18731
18733
18735
18737
18743
18744
18746
18750
18753
18756
18760
18771
18773
18777
18780
18782
18783
18785
18789
18792
18796
18797
18798
18799
18803
18808
18809
18814
18815
18818
18819
18821
18822
18824
18826
18829
18830
18831
18836
18842
18846
18848
18853
18854
18857
18862
18863
18864
18865
18868
18869
18870
18873
18889
18890
18891
18893
18894
18896
18900
18902
18904
18906
18911
18913
18915
18916
18920
18922
18924
18926
18927
18928
18931
18937
18938
18940
18947
18948
18949
18950
18953
18958
18965
18976
18981
18982
18987
18992
18994
18995
18999
19004
19005
19009
19010
19011
19017
19025
19027
19034
19035
19036
19038
19039
19044
19045
19046
19047
19054
19056
19060
19063
19073
19083
19092
19093
19095
19096
19100
19102
19111
19114
19116
19120
19121
19129
19130
19131
19132
19136
19138
19145
19147
19148
19149
19152
19153
19154
19156
19157
19162
19163
19179
19180
19181
19182
19185
19186
19193
19194
19195
19196
19201
19202
19204
19206
19207
19208
19214
19217
19218
19220
19222
19224
19226
19231
19232
19233
19235
19236
19243
19244
19245
19246
19247
19248
19252
19254
19262
19266
19269
19272
19275
19280
19281
19282
19290
19291
19293
19294
19299
19300
19303
19306
19310
19312
19313
19314
19315
19316
19318
19323
19324
19328
19329
19330
19332
19337
19340
19341
19342
19345
19346
19347
19350
19353
19362
19363
19365
19368
19374
19376
19377
19379
19382
19383
19385
19387
19389
19391
19393
19400
19403
19406
19410
19424
19430
19433
19434
19436
19437
19438
19439
19441
19443
19449
19450
19455
19462
19465
19467
19470
19472
19473
19476
19477
19489
19491
19497
19498
19499
19504
19505
19507
19508
19510
19519
19520
19525
19527
19529
19530
19531
19534
19541
19542
19543
19544
19545
19550
19551
19552
19557
19560
19568
19570
19572
19574
19577
19579
19582
19585
19586
19587
19591
19592
19594
19597
19599
19601
19610
19613
19621
19623
19624
19629
19633
19635
19640
19644
19650
19651
19652
19654
19658
19665
19668
19673
19674
19678
19679
19680
19681
19682
19683
19686
19687
19688
19689
19690
19698
19701
19702
19713
19715
19718
19719
19720
19727
19728
19733
19737
19739
19740
19741
19743
19748
19750
19751
19761
19762
19769
19773
19781
19783
19794
19797
19798
19801
19805
19807
19810
19811
19813
19815
19818
19820
19826
19830
19837
19841
19843
19844
19845
19847
19851
19852
19856
19859
19865
19867
19872
19875
19883
19886
19887
19891
19892
19893
19896
19901
19907
19908
19911
19913
19914
19917
19920
19925
19933
19935
19939
19941
19942
19944
19947
19952
19954
19956
19957
19962
19964
19966
19968
19972
19975
19976
19977
19980
19981
19984
19985
19988
19989
19991
19996
19998
19999
20002
20003
20012
20019
20020
20021
20038
20039
20043
20045
20046
20059
20061
20063
20066
20068
20069
20078
20081
20082
20084
20085
20088
20091
20092
20095
20096
20099
20102
20103
20106
20107
20108
20112
20124
20125
20126
20137
20139
20140
20142
20148
20149
20152
20158
20159
20161
20167
20168
20169
20173
20174
20175
20178
20180
20182
20183
20191
20195
20196
20198
20199
20202
20207
20208
20214
20217
20218
20220
20222
20225
20227
20230
20232
20233
20235
20240
20241
20243
20244
20246
20247
20252
20253
20254
20256
20263
20264
20266
20274
20283
20287
20288
20290
20291
20295
20297
20301
20308
20313
20314
20315
20316
20317
20318
20325
20326
20329
20330
20332
20335
20336
20337
20341
20345
20348
20349
20350
20354
20355
20358
20360
20366
20376
20383
20390
20396
20397
20398
20400
20401
20404
20405
20406
20409
20410
20411
20413
20417
20420
20421
20422
20424
20429
20431
20434
20441
20447
20448
20450
20453
20460
20461
20462
20465
20467
20468
20470
20473
20474
20476
20483
20488
20490
20493
20501
20502
20503
20505
20517
20521
20525
20527
20531
20534
20535
20540
20541
20543
20544
20546
20550
20551
20552
20553
20555
20558
20560
20561
20562
20571
20578
20582
20585
20590
20595
20598
20599
20602
20604
20606
20614
20615
20616
20619
20624
20625
20626
20633
20640
20642
20645
20646
20648
20651
20652
20653
20656
20661
20662
20663
20666
20669
20673
20676
20679
20680
20681
20688
20692
20696
20698
20699
20704
20705
20706
20709
20713
20715
20720
20722
20724
20730
20731
20734
20736
20741
20744
20745
20746
20747
20753
20754
20766
20770
20773
20775
20776
20778
20784
20792
20796
20797
20798
20802
20803
20804
20811
20815
20816
20818
20819
20823
20828
20831
20833
20837
20838
20841
20847
20848
20852
20855
20859
20860
20866
20869
20875
20879
20882
20886
20889
20890
20897
20898
20904
20905
20908
20909
20911
20913
20915
20918
20919
20920
20924
20925
20927
20939
20940
20942
20947
20950
20951
20952
20955
20956
20961
20964
20969
20972
20978
20980
20981
20982
20987
20989
20992
20995
20996
21005
21006
21022
21029
21031
21033
21034
21037
21038
21040
21041
21043
21044
21045
21048
21049
21050
21053
21055
21061
21062
21067
21073
21078
21094
21096
21098
21100
21103
21107
21109
21113
21118
21120
21121
21122
21123
21127
21129
21131
21139
21144
21146
21150
21153
21156
21157
21158
21159
21162
21165
21168
21170
21175
21176
21177
21181
21182
21187
21193
21194
21198
21199
21205
21209
21212
21214
21215
21221
21227
21229
21231
21234
21240
21243
21245
21248
21250
21252
21254
21262
21263
21264
21266
21275
21276
21280
21281
21282
21284
21286
21289
21294
21300
21301
21304
21305
21307
21308
21311
21313
21316
21320
21321
21323
21324
21326
21327
21332
21336
21341
21345
21346
21348
21349
21353
21354
21356
21358
21360
21364
21365
21366
21368
21370
21379
21382
21385
21386
21388
21390
21396
21398
21399
21400
21403
21404
21406
21408
21410
21414
21419
21421
21423
21425
21428
21430
21434
21436
21438
21439
21442
21450
21452
21457
21465
21471
21472
21475
21476
21477
21478
21481
21486
21488
21493
21497
21502
21504
21505
21507
21509
21510
21512
21514
21516
21526
21531
21532
21543
21547
21548
21551
21554
21555
21561
21565
21568
21571
21579
21580
21582
21584
21593
21594
21603
21607
21618
21620
21623
21624
21628
21632
21634
21638
21639
21643
21648
21654
21660
21662
21683
21685
21688
21690
21692
21695
21698
21701
21705
21712
21713
21717
21719
21720
21721
21722
21726
21730
21735
21736
21739
21740
21748
21751
21752
21755
21757
21759
21763
21765
21767
21775
21776
21778
21783
21786
21787
21789
21791
21795
21796
21798
21799
21802
21805
21818
21820
21821
21823
21826
21829
21832
21836
21839
21841
21844
21852
21853
21856
21857
21858
21859
21862
21863
21864
21866
21875
21878
21879
21891
21892
21894
21895
21902
21905
21909
21912
21919
21924
21925
21926
21929
21930
21937
21946
21948
21949
21950
21958
21960
21962
21969
21972
21973
21979
21981
21983
21988
21990
21992
21998
22000
22001
22006
22017
22019
22020
22023
22026
22030
22034
22037
22041
22043
22044
22045
22050
22051
22055
22056
22057
22058
22059
22060
22062
22067
22068
22070
22071
22073
22076
22077
22092
22094
22099
22102
22103
22106
22108
22120
22123
22129
22138
22139
22140
22141
22148
22151
22154
22159
22160
22164
22166
22172
22174
22182
22191
22194
22195
22196
22197
22201
22203
22207
22208
22214
22217
22221
22230
22231
22233
22234
22236
22243
22246
22248
22257
22260
22261
22262
22272
22274
22276
22279
22284
22285
22288
22290
22294
22295
22296
22303
22306
22312
22314
22315
22317
22319
22321
22322
22325
22334
22337
22340
22344
22362
22363
22367
22369
22370
22372
22373
22379
22384
22396
22397
22398
22400
22405
22406
22407
22409
22410
22411
22412
22418
22421
22423
22425
22426
22434
22440
22443
22444
22445
22448
22450
22451
22453
22454
22458
22460
22466
22467
22471
22473
22476
22477
22478
22480
22481
22482
22486
22491
22492
22498
22501
22502
22503
22510
22514
22515
22517
22520
22523
22529
22538
22540
22546
22547
22548
22549
22555
22562
22564
22566
22567
22570
22573
22577
22583
22593
22595
22600
22602
22605
22606
22608
22610
22611
22614
22620
22621
22624
22625
22626
22628
22630
22631
22635
22641
22644
22651
22657
22658
22661
22662
22663
22668
22675
22677
22678
22680
22682
22689
22691
22697
22698
22700
22702
22704
22705
22706
22708
22710
22712
22714
22723
22729
22730
22731
22737
22740
22744
22746
22749
22751
22755
22759
22761
22762
22763
22764
22767
22769
22770
22776
22780
22785
22787
22790
22791
22793
22800
22801
22806
22807
22808
22810
22812
22814
22815
22818
22821
22823
22825
22826
22829
22831
22837
22841
22843
22844
22846
22848
22849
22854
22859
22864
22865
22872
22874
22880
22882
22884
22886
22894
22897
22899
22905
22908
22909
22910
22911
22913
22914
22918
22919
22920
22922
22924
22925
22928
22933
22935
22936
22937
22941
22946
22951
22952
22953
22955
22962
22966
22968
22970
22972
22973
22974
22982
22987
22991
22993
22996
23004
23009
23011
23012
23016
23018
23024
23025
23029
23033
23036
23039
23048
23049
23053
23056
23061
23062
23063
23066
23067
23071
23072
23075
23076
23077
23087
23088
23092
23093
23095
23098
23104
23107
23112
23113
23116
23117
23118
23120
23122
23126
23128
23129
23133
23134
23135
23139
23140
23145
23147
23149
23166
23171
23172
23173
23174
23175
23179
23183
23184
23189
23191
23197
23199
23203
23207
23209
23211
23214
23216
23223
23224
23227
23228
23229
23232
23236
23239
23241
23243
23247
23249
23257
23260
23261
23263
23266
23271
23272
23278
23282
23288
23290
23294
23299
23305
23310
23311
23312
23314
23322
23325
23327
23328
23329
23334
23336
23337
23340
23341
23342
23346
23347
23350
23358
23364
23365
23372
23375
23378
23380
23383
23385
23386
23390
23392
23395
23398
23400
23402
23403
23407
23408
23409
23412
23417
23419
23421
23422
23423
23424
23429
23430
23435
23439
23441
23447
23453
23455
23456
23457
23462
23465
23469
23473
23476
23478
23482
23483
23485
23489
23492
23493
23498
23500
23501
23503
23504
23505
23506
23507
23508
23509
23510
23511
23512
23514
23515
23520
23524
23525
23526
23527
23528
23531
23534
23541
23543
23545
23546
23549
23550
23554
23555
23560
23564
23566
23571
23573
23574
23575
23578
23582
23584
23589
23597
23598
23599
23603
23604
23611
23613
23617
23622
23625
23628
23636
23638
23639
23642
23643
23645
23646
23647
23648
23652
23657
23659
23662
23664
23672
23674
23676
23679
23684
23690
23693
23699
23700
23706
23711
23715
23717
23719
23732
23734
23737
23739
23744
23749
23750
23752
23756
23763
23767
23769
23777
23782
23788
23790
23796
23804
23806
23807
23808
23810
23812
23814
23821
23823
23824
23828
23829
23835
23836
23842
23843
23844
23845
23847
23861
23862
23864
23872
23876
23878
23879
23890
23900
23901
23903
23904
23907
23909
23913
23914
23916
23917
23918
23926
23930
23931
23933
23937
23940
23942
23948
23949
23953
23955
23958
23965
23968
23975
23978
23986
23988
23989
23992
23994
23997
24003
24004
24010
24023
24024
24026
24032
24034
24040
24048
24050
24051
24053
24054
24055
24057
24065
24066
24067
24068
24074
24075
24076
24088
24090
24091
24096
24099
24101
24103
24104
24106
24107
24109
24111
24112
24113
24114
24115
24116
24117
24121
24122
24126
24134
24136
24137
24139
24141
24148
24149
24151
24153
24156
24157
24162
24166
24172
24176
24177
24181
24184
24186
24189
24190
24191
24195
24201
24206
24209
24216
24218
24219
24221
24222
24229
24234
24237
24239
24246
24247
24250
24251
24252
24256
24257
24259
24260
24261
24263
24265
24267
24272
24273
24277
24281
24284
24286
24302
24303
24304
24305
24306
24313
24323
24325
24331
24334
24340
24341
24342
24343
24345
24346
24350
24351
24354
24360
24366
24368
24369
24372
24374
24377
24378
24382
24384
24385
24386
24389
24391
24394
24395
24396
24397
24398
24400
24402
24405
24413
24417
24418
24425
24428
24433
24434
24438
24439
24441
24442
24444
24446
24456
24460
24467
24474
24476
24477
24482
24484
24489
24491
24492
24494
24495
24496
24502
24505
24511
24518
24519
24522
24523
24525
24528
24529
24530
24531
24532
24536
24540
24543
24546
24550
24551
24552
24558
24559
24560
24561
24567
24572
24573
24580
24581
24585
24587
24590
24592
24594
24595
24598
24600
24602
24603
24607
24608
24611
24613
24616
24621
24622
24624
24626
24631
24634
24636
24639
24640
24643
24644
24645
24650
24654
24662
24666
24668
24672
24673
24676
24682
24684
24686
24687
24690
24692
24694
24698
24701
24703
24706
24713
24723
24724
24733
24737
24740
24742
24744
24745
24746
24750
24751
24752
24758
24768
24772
24774
24777
24781
24782
24783
24785
24790
24794
24795
24796
24802
24804
24807
24809
24812
24816
24817
24818
24823
24824
24826
24827
24830
24831
24834
24836
24843
24845
24846
24849
24862
24864
24866
24871
24874
24877
24884
24885
24890
24891
24893
24895
24896
24899
24904
24910
24913
24914
24915
24918
24921
24922
24923
24924
24925
24928
24935
24941
24946
24950
24953
24954
24959
24960
24963
24968
24969
24972
24975
24976
24985
24989
24994
24996
25000
25005
25010
25013
25018
25020
25022
25033
25040
25041
25043
25046
25051
25054
25055
25065
25066
25067
25068
25069
25070
25081
25083
25084
25085
25091
25092
25095
25102
25105
25112
25116
25118
25123
25126
25127
25128
25132
25135
25141
25142
25143
25145
25152
25154
25155
25156
25159
25162
25166
25167
25168
25170
25171
25172
25175
25178
25181
25184
25190
25191
25201
25203
25206
25212
25213
25218
25220
25221
25222
25230
25232
25234
25236
25238
25242
25243
25245
25253
25254
25257
25258
25259
25262
25263
25266
25272
25273
25274
25276
25278
25279
25283
25287
25290
25292
25293
25295
25296
25303
25310
25312
25314
25315
25316
25319
25322
25323
25325
25334
25337
25339
25343
25349
25351
25354
25362
25363
25364
25365
25370
25372
25379
25380
25384
25388
25393
25394
25396
25399
25402
25404
25405
25407
25408
25413
25419
25424
25426
25428
25429
25432
25434
25436
25439
25440
25442
25444
25452
25459
25462
25463
25464
25466
25474
25476
25477
25480
25481
25482
25486
25490
25491
25492
25504
25507
25509
25511
25515
25518
25519
25530
25542
25548
25556
25559
25560
25562
25563
25564
25566
25567
25569
25573
25575
25579
25580
25583
25584
25586
25589
25590
25593
25595
25597
25598
25600
25601
25603
25604
25605
25607
25609
25612
25613
25615
25617
25619
25620
25621
25623
25626
25631
25633
25638
25639
25650
25651
25652
25658
25660
25661
25663
25664
25666
25672
25674
25677
25680
25681
25686
25690
25691
25692
25698
25699
25700
25702
25706
25712
25713
25720
25721
25723
25727
25729
25731
25738
25740
25748
25750
25751
25753
25756
25762
25764
25765
25768
25775
25777
25784
25787
25798
25799
25801
25802
25803
25804
25805
25806
25807
25808
25811
25814
25815
25823
25827
25828
25831
25834
25836
25840
25842
25844
25847
25856
25857
25859
25861
25862
25865
25868
25869
25873
25875
25876
25879
25884
25885
25887
25888
25898
25901
25903
25904
25905
25910
25913
25920
25921
25922
25928
25933
25935
25936
25937
25939
25946
25948
25949
25954
25958
25959
25963
25964
25966
25971
25974
25975
25977
25979
25981
25982
25984
25985
25986
25996
25997
26001
26002
26008
26009
26010
26013
26016
26018
26020
26023
26028
26029
26033
26034
26037
26038
26039
26041
26043
26044
26045
26046
26050
26053
26057
26058
26059
26061
26062
26065
26066
26067
26079
26080
26084
26085
26086
26089
26091
26093
26096
26098
26099
26100
26102
26104
26108
26115
26116
26117
26118
26121
26124
26125
26126
26127
26129
26130
26131
26139
26140
26142
26148
26151
26152
26155
26160
26164
26165
26166
26170
26175
26176
26181
26183
26184
26187
26188
26192
26194
26195
26196
26198
26202
26205
26207
26211
26214
26216
26217
26219
26220
26224
26227
26228
26231
26232
26233
26235
26237
26238
26244
26245
26246
26250
26254
26255
26258
26259
26264
26265
26268
26272
26274
26276
26277
26278
26284
26289
26291
26293
26294
26297
26306
26313
26320
26324
26326
26332
26333
26342
26343
26344
26346
26349
26351
26354
26357
26359
26360
26362
26363
26364
26365
26366
26368
26369
26370
26371
26375
26385
26388
26389
26390
26397
26401
26402
26403
26405
26406
26415
26416
26417
26428
26430
26433
26443
26445
26448
26449
26454
26455
26463
26465
26470
26471
26473
26474
26475
26477
26486
26488
26489
26492
26494
26495
26501
26506
26507
26516
26519
26520
26523
26527
26528
26533
26535
26536
26538
26540
26541
26545
26547
26554
26555
26558
26564
26571
26573
26575
26576
26579
26580
26582
26584
26585
26586
26589
26596
26604
26614
26616
26624
26627
26629
26630
26631
26633
26635
26638
26640
26641
26644
26646
26647
26649
26653
26657
26659
26665
26666
26669
26677
26683
26693
26696
26700
26705
26708
26711
26713
26714
26716
26717
26718
26726
26731
26736
26739
26742
26744
26747
26752
26757
26758
26761
26764
26766
26774
26777
26780
26783
26787
26789
26799
26801
26802
26806
26810
26811
26817
26818
26829
26833
26836
26837
26839
26841
26850
26854
26855
26861
26867
26869
26871
26872
26874
26881
26882
26887
26894
26895
26897
26899
26900
26903
26904
26906
26908
26910
26916
26918
26920
26927
26929
26930
26931
26933
26940
26942
26947
26948
26950
26951
26957
26960
26967
26969
26971
26974
26977
26979
26980
26985
26987
26991
26993
26994
27000
27005
27009
27015
27023
27025
27026
27029
27032
27034
27038
27041
27051
27055
27056
27058
27059
27060
27062
27066
27067
27073
27075
27079
27084
27090
27093
27095
27096
27107
27108
27109
27110
27112
27113
27117
27119
27121
27122
27123
27124
27125
27126
27135
27136
27138
27142
27147
27148
27150
27153
27156
27159
27168
27170
27172
27176
27177
27184
27185
27186
27187
27191
27203
27220
27224
27227
27228
27242
27247
27249
27253
27255
27256
27257
27272
27282
27291
27300
27304
27306
27309
27310
27314
27315
27316
27320
27323
27324
27330
27335
27338
27339
27341
27347
27351
27353
27357
27359
27360
27363
27364
27367
27368
27369
27375
27376
27379
27381
27382
27383
27388
27391
27394
27395
27399
27402
27403
27405
27406
27408
27416
27417
27418
27419
27420
27422
27432
27434
27435
27437
27440
27441
27451
27452
27462
27467
27469
27474
27478
27481
27483
27486
27488
27498
27503
27507
27512
27514
27516
27525
27529
27531
27532
27533
27539
27541
27545
27546
27547
27560
27563
27566
27567
27571
27573
27578
27582
27583
27585
27586
27588
27589
27591
27593
27595
27597
27602
27603
27604
27607
27609
27610
27615
27616
27621
27622
27624
27627
27642
27649
27652
27653
27655
27656
27657
27660
27666
27667
27675
27676
27677
27682
27686
27690
27691
27692
27693
27695
27704
27706
27710
27718
27720
27723
27724
27726
27727
27729
27730
27733
27734
27739
27741
27744
27747
27748
27752
27754
27755
27756
27758
27759
27763
27764
27771
27774
27775
27778
27781
27785
27786
27789
27796
27801
27802
27807
27816
27818
27824
27825
27827
27829
27830
27833
27834
27835
27841
27842
27844
27852
27859
27860
27864
27865
27870
27871
27875
27876
27877
27878
27879
27880
27881
27882
27883
27884
27885
27888
27889
27890
27891
27895
27899
27900
27903
27904
27906
27924
27932
27933
27934
27935
27939
27941
27945
27946
27947
27948
27949
27951
27952
27954
27955
27960
27963
27966
27967
27968
27970
27975
27978
27981
27987
27993
27994
27995
27996
27997
28002
28004
28005
28006
28008
28009
28015
28021
28022
28024
28025
28026
28027
28032
28038
28043
28053
28057
28064
28065
28066
28068
28070
28080
28089
28090
28092
28094
28103
28104
28109
28111
28112
28114
28117
28118
28121
28125
28131
28132
28135
28136
28140
28143
28146
28150
28156
28158
28160
28161
28166
28170
28171
28172
28173
28174
28177
28181
28182
28184
28185
28186
28196
28205
28207
28210
28211
28213
28214
28215
28218
28222
28228
28236
28238
28240
28250
28251
28252
28254
28263
28265
28269
28270
28271
28273
28274
28275
28276
28281
28282
28284
28290
28293
28295
28296
28300
28301
28316
28320
28321
28322
28324
28326
28328
28329
28342
28343
28347
28348
28349
28350
28353
28357
28359
28363
28368
28369
28376
28377
28379
28381
28382
28383
28384
28385
28388
28390
28391
28396
28400
28403
28404
28411
28413
28420
28421
28424
28428
28434
28435
28437
28438
28450
28452
28454
28456
28461
28462
28464
28466
28468
28469
28472
28473
28475
28478
28482
28483
28485
28486
28487
28492
28494
28500
28502
28504
28507
28511
28512
28513
28517
28525
28530
28531
28532
28533
28543
28545
28548
28559
28560
28561
28562
28564
28565
28567
28568
28574
28577
28578
28579
28580
28591
28593
28597
28599
28606
28607
28609
28610
28611
28614
28616
28618
28621
28624
28629
28634
28636
28638
28639
28640
28644
28646
28648
28652
28660
28663
28666
28669
28672
28676
28680
28684
28685
28687
28688
28689
28695
28697
28699
28701
28702
28704
28706
28710
28711
28713
28727
28730
28732
28733
28740
28741
28744
28745
28748
28752
28753
28754
28762
28764
28767
28768
28777
28778
28779
28783
28785
28791
28792
28798
28800
28802
28808
28811
28817
28818
28824
28828
28836
28841
28845
28847
28849
28860
28861
28862
28869
28870
28871
28872
28873
28886
28887
28892
28895
28901
28902
28903
28905
28907
28909
28911
28916
28918
28919
28920
28925
28928
28933
28934
28937
28951
28958
28961
28963
28964
28966
28973
28975
28976
28977
28981
28982
28983
28991
28999
29004
29005
29008
29010
29013
29018
29023
29026
29032
29043
29044
29047
29048
29051
29054
29055
29056
29057
29059
29061
29068
29069
29072
29073
29074
29076
29077
29080
29081
29089
29092
29096
29097
29103
29104
29105
29107
29109
29113
29114
29115
29118
29120
29122
29127
29135
29138
29145
29146
29149
29150
29151
29152
29153
29159
29161
29163
29170
29172
29174
29175
29179
29180
29183
29186
29188
29192
29194
29197
29198
29201
29203
29207
29211
29212
29217
29219
29221
29223
29224
29228
29232
29233
29234
29238
29240
29243
29252
29257
29260
29262
29263
29265
29267
29271
29273
29274
29281
29284
29285
29286
29288
29294
29296
29298
29299
29307
29312
29322
29323
29324
29327
29333
29335
29346
29351
29359
29364
29365
29366
29369
29371
29372
29378
29379
29381
29386
29387
29398
29399
29406
29409
29410
29411
29415
29416
29417
29418
29423
29425
29426
29427
29429
29433
29434
29438
29442
29443
29444
29445
29449
29455
29456
29457
29458
29459
29471
29473
29474
29475
29479
29480
29482
29483
29484
29489
29491
29493
29500
29502
29503
29504
29507
29509
29511
29514
29516
29518
29527
29528
29531
29533
29535
29539
29540
29543
29545
29552
29554
29558
29560
29562
29564
29565
29569
29570
29574
29577
29580
29586
29588
29589
29595
29598
29600
29605
29606
29608
29612
29614
29616
29620
29624
29626
29638
29639
29640
29645
29647
29652
29654
29655
29656
29665
29667
29668
29670
29672
29680
29681
29683
29684
29690
29697
29698
29700
29705
29711
29715
29721
29722
29726
29729
29731
29732
29739
29742
29745
29747
29753
29758
29765
29767
29769
29772
29773
29777
29781
29782
29783
29791
29792
29796
29800
29801
29809
29815
29818
29823
29829
29830
29832
29836
29838
29839
29841
29848
29849
29851
29852
29854
29856
29858
29863
29865
29868
29872
29877
29879
29881
29885
29886
29889
29892
29894
29895
29897
29898
29905
29906
29907
29909
29910
29914
29915
29918
29927
29928
29931
29933
29934
29936
29943
29944
29945
29946
29947
29949
29955
29958
29960
29961
29962
29965
29968
29972
29978
29981
29982
29984
29986
29994
29995
29999
30001
30002
30006
30009
30016
30019
30020
30022
30025
30027
30028
30029
30032
30033
30034
30035
30036
30039
30044
30045
30062
30067
30071
30072
30077
30079
30080
30083
30086
30090
30091
30092
30094
30097
30101
30105
30107
30115
30118
30120
30126
30127
30133
30134
30135
30136
30139
30143
30150
30151
30156
30158
30163
30167
30170
30171
30175
30177
30178
30180
30181
30184
30187
30191
30195
30196
30199
30203
30204
30210
30214
30215
30217
30220
30222
30227
30230
30232
30233
30234
30239
30240
30243
30248
30252
30254
30255
30256
30259
30266
30272
30276
30277
30278
30285
30286
30287
30289
30290
30301
30303
30307
30308
30310
30311
30315
30316
30318
30319
30324
30326
30328
30330
30331
30338
30345
30348
30349
30350
30352
30353
30355
30358
30360
30362
30364
30366
30369
30372
30374
30376
30378
30379
30380
30382
30383
30386
30387
30396
30397
30398
30409
30411
30412
30413
30421
30424
30427
30428
30431
30433
30434
30440
30441
30442
30450
30453
30456
30459
30462
30463
30469
30485
30486
30487
30488
30490
30493
30494
30496
30500
30503
30505
30508
30509
30514
30517
30521
30524
30528
30530
30532
30533
30535
30536
30546
30547
30551
30554
30555
30559
30560
30567
30569
30572
30574
30575
30576
30577
30584
30588
30593
30596
30597
30599
30601
30613
30615
30618
30619
30620
30621
30623
30624
30633
30634
30639
30650
30651
30654
30656
30657
30661
30666
30668
30669
30670
30671
30674
30680
30681
30682
30688
30689
30692
30703
30704
30709
30710
30712
30713
30714
30719
30720
30721
30723
30724
30725
30730
30731
30734
30735
30738
30750
30756
30757
30759
30762
30769
30771
30772
30773
30774
30775
30776
30780
30787
30790
30793
30802
30805
30806
30807
30808
30810
30811
30813
30818
30821
30829
30832
30833
30834
30851
30852
30865
30867
30868
30869
30870
30871
30872
30874
30878
30881
30885
30897
30899
30900
30904
30912
30913
30919
30924
30931
30933
30934
30936
30941
30943
30948
30951
30958
30959
30961
30962
30963
30964
30965
30966
30981
30982
30983
30985
30990
30992
30993
30994
30998
31007
31008
31017
31018
31020
31021
31028
31033
31039
31042
31043
31044
31045
31047
31048
31049
31050
31053
31054
31055
31059
31060
31065
31068
31069
31072
31074
31078
31082
31084
31093
31095
31096
31097
31098
31106
31107
31114
31115
31116
31118
31120
31122
31128
31131
31132
31135
31136
31138
31141
31145
31155
31157
31166
31167
31168
31172
31175
31176
31184
31185
31186
31187
31190
31192
31193
31196
31202
31205
31207
31219
31221
31225
31226
31230
31238
31242
31245
31254
31263
31265
31267
31270
31271
31273
31275
31276
31277
31282
31285
31286
31296
31302
31306
31308
31312
31314
31315
31319
31323
31325
31329
31330
31331
31336
31338
31339
31343
31347
31351
31352
31356
31358
31359
31360
31362
31365
31368
31371
31374
31376
31378
31384
31385
31387
31390
31393
31394
31406
31407
31418
31419
31428
31429
31432
31433
31436
31437
31440
31441
31443
31447
31448
31449
31453
31455
31457
31465
31467
31470
31474
31475
31477
31478
31484
31486
31487
31490
31493
31501
31502
31510
31514
31515
31522
31525
31529
31531
31533
31535
31538
31539
31541
31545
31548
31551
31554
31556
31557
31561
31562
31563
31565
31569
31572
31576
31588
31590
31604
31605
31607
31608
31611
31613
31623
31628
31634
31646
31647
31650
31652
31653
31656
31659
31663
31667
31674
31684
31685
31686
31689
31690
31692
31697
31702
31703
31711
31712
31718
31720
31722
31723
31724
31725
31729
31732
31734
31737
31741
31742
31746
31750
31754
31756
31757
31758
31760
31761
31762
31766
31768
31769
31771
31776
31778
31779
31782
31784
31785
31788
31790
31791
31792
31793
31795
31798
31804
31806
31807
31809
31811
31816
31819
31822
31824
31826
31828
31830
31832
31836
31838
31839
31842
31843
31847
31848
31853
31854
31855
31856
31859
31861
31863
31865
31867
31869
31877
31878
31881
31886
31898
31900
31901
31910
31911
31912
31913
31914
31917
31918
31921
31925
31932
31936
31939
31940
31942
31943
31945
31952
31957
31959
31960
31962
31963
31964
31969
31973
31974
31975
31981
31983
31985
31988
31990
31991
31994
31996
32001
32004
32007
32008
32014
32016
32018
32040
32041
32047
32050
32054
32055
32063
32066
32079
32080
32090
32097
32099
32102
32107
32108
32109
32111
32115
32118
32120
32123
32126
32129
32132
32138
32140
32148
32149
32151
32153
32159
32161
32162
32163
32164
32166
32167
32177
32182
32183
32186
32188
32193
32194
32202
32203
32204
32205
32207
32208
32221
32223
32224
32232
32233
32237
32242
32246
32247
32248
32249
32250
32251
32253
32254
32259
32264
32265
32266
32270
32276
32277
32282
32284
32285
32290
32291
32292
32294
32295
32296
32298
32301
32303
32308
32309
32311
32313
32316
32319
32322
32323
32328
32335
32338
32340
32341
32345
32347
32349
32351
32352
32353
32360
32361
32363
32366
32367
32369
32370
32373
32374
32383
32385
32386
32387
32388
32392
32401
32402
32406
32407
32408
32409
32410
32414
32426
32429
32430
32431
32432
32433
32434
32440
32441
32442
32450
32452
32455
32457
32458
32466
32467
32472
32477
32482
32483
32485
32486
32489
32491
32492
32493
32497
32502
32503
32507
32516
32520
32533
32536
32539
32540
32544
32545
32548
32551
32552
32554
32555
32556
32559
32562
32564
32565
32569
32570
32576
32577
32578
32589
32591
32594
32604
32608
32610
32612
32613
32618
32619
32627
32629
32631
32632
32635
32638
32641
32642
32647
32652
32662
32664
32670
32678
32679
32686
32687
32690
32691
32692
32695
32698
32699
32701
32703
32704
32706
32710
32711
32713
32714
32718
32720
32721
32722
32724
32725
32728
32734
32750
32752
32755
32756
32757
32760
32761
32762
32765
32775
32779
32782
32784
32785
32788
32789
32791
32792
32795
32810
32814
32816
32818
32822
32825
32829
32830
32836
32842
32843
32846
32849
32856
32864
32866
32867
32868
32871
32873
32875
32877
32879
32880
32884
32889
32894
32897
32901
32902
32904
32911
32917
32920
32921
32922
32925
32927
32938
32956
32959
32961
32967
32969
32970
32971
32973
32975
32978
32979
32981
32985
32990
32994
32998
32999
33002
33015
33017
33022
33023
33028
33034
33035
33040
33043
33044
33045
33048
33049
33056
33059
33061
33064
33065
33068
33069
33083
33089
33091
33100
33102
33109
33110
33119
33120
33121
33123
33125
33132
33133
33135
33136
33138
33139
33141
33146
33148
33149
33153
33157
33160
33164
33166
33168
33173
33178
33181
33188
33189
33190
33196
33197
33199
33203
33209
33215
33218
33220
33221
33223
33225
33226
33231
33236
33240
33243
33244
33246
33247
33250
33252
33253
33260
33262
33264
33265
33271
33272
33275
33276
33277
33283
33286
33288
33289
33290
33291
33292
33293
33295
33297
33300
33304
33306
33312
33319
33320
33323
33326
33329
33331
33335
33336
33340
33341
33344
33348
33349
33353
33355
33357
33364
33365
33369
33371
33372
33374
33378
33381
33382
33383
33387
33392
33401
33403
33404
33408
33417
33420
33422
33423
33426
33428
33434
33436
33438
33440
33446
33448
33449
33450
33459
33463
33466
33469
33470
33475
33476
33488
33492
33497
33502
33503
33507
33508
33509
33511
33514
33522
33523
33524
33527
33531
33532
33538
33541
33543
33552
33554
33555
33560
33561
33573
33574
33578
33579
33580
33582
33585
33590
33591
33592
33593
33594
33597
33598
33607
33611
33620
33621
33622
33623
33629
33633
33636
33640
33649
33652
33653
33654
33658
33659
33661
33664
33665
33667
33671
33674
33675
33677
33680
33686
33693
33701
33705
33706
33707
33712
33716
33720
33721
33722
33725
33726
33727
33731
33735
33738
33739
33741
33742
33748
33749
33753
33763
33764
33768
33770
33772
33775
33777
33778
33781
33782
33789
33798
33799
33804
33806
33807
33811
33814
33816
33821
33830
33832
33835
33836
33844
33854
33855
33857
33863
33867
33868
33869
33874
33878
33886
33892
33903
33904
33906
33907
33909
33910
33911
33913
33916
33919
33922
33924
33929
33930
33936
33938
33940
33946
33948
33951
33952
33953
33954
33960
33961
33962
33967
33971
33973
33975
33978
33984
33988
33992
33997
33999
34008
34010
34018
34020
34026
34027
34030
34031
34032
34038
34040
34043
34044
34045
34048
34049
34050
34053
34054
34057
34064
34065
34078
34086
34087
34088
34089
34091
34093
34094
34096
34097
34099
34107
34111
34114
34116
34118
34120
34121
34123
34127
34129
34131
34132
34133
34137
34138
34141
34148
34149
34150
34154
34156
34159
34162
34166
34167
34170
34172
34173
34175
34176
34177
34178
34179
34180
34183
34185
34186
34187
34192
34194
34195
34202
34204
34205
34206
34208
34211
34213
34214
34217
34218
34224
34228
34231
34233
34238
34239
34242
34245
34246
34252
34260
34262
34264
34265
34270
34271
34274
34281
34283
34286
34288
34289
34293
34296
34299
34304
34307
34309
34315
34316
34317
34319
34321
34322
34323
34324
34325
34329
34330
34335
34340
34341
34342
34344
34347
34351
34353
34354
34356
34357
34361
34362
34363
34365
34369
34371
34381
34384
34387
34388
34389
34391
34393
34394
34396
34399
34402
34407
34410
34415
34419
34420
34432
34433
34435
34438
34442
34443
34445
34449
34451
34453
34462
34465
34468
34470
34481
34482
34487
34491
34492
34497
34498
34503
34504
34506
34508
34509
34516
34517
34522
34523
34529
34535
34540
34545
34546
34548
34549
34555
34557
34561
34566
34570
34572
34589
34594
34597
34599
34604
34605
34606
34609
34611
34617
34620
34623
34624
34625
34630
34631
34632
34633
34634
34635
34639
34640
34647
34649
34650
34657
34658
34659
34660
34667
34669
34670
34671
34673
34675
34681
34687
34688
34689
34692
34694
34701
34702
34705
34707
34710
34714
34715
34731
34732
34736
34739
34740
34743
34746
34749
34750
34753
34755
34758
34760
34763
34764
34777
34778
34779
34786
34790
34791
34804
34809
34810
34812
34823
34825
34831
34835
34837
34844
34848
34849
34857
34858
34861
34862
34863
34864
34869
34871
34875
34880
34881
34889
34890
34891
34899
34900
34908
34910
34914
34916
34919
34923
34925
34926
34927
34929
34934
34939
34951
34952
34956
34957
34959
34963
34964
34965
34966
34972
34973
34975
34976
34984
34989
34991
34992
34993
35006
35011
35012
35013
35014
35022
35025
35026
35028
35033
35034
35037
35040
35044
35048
35052
35055
35062
35065
35066
35067
35074
35083
35085
35088
35089
35090
35093
35095
35098
35102
35103
35107
35111
35112
35121
35128
35130
35131
35132
35134
35137
35138
35139
35140
35143
35145
35150
35152
35158
35159
35160
35161
35165
35166
35170
35171
35172
35173
35179
35181
35184
35185
35187
35190
35196
35198
35200
35201
35206
35207
35210
35211
35215
35217
35222
35224
35225
35230
35232
35237
35238
35242
35244
35247
35251
35256
35261
35262
35263
35266
35269
35277
35280
35281
35288
35290
35291
35294
35297
35298
35299
35300
35301
35302
35304
35308
35310
35312
35315
35316
35324
35326
35329
35331
35340
35342
35343
35344
35346
35349
35354
35355
35358
35362
35364
35380
35386
35387
35388
35389
35390
35393
35395
35396
35397
35398
35400
35403
35404
35406
35409
35410
35417
35421
35422
35432
35439
35441
35442
35443
35445
35448
35449
35450
35451
35452
35457
35465
35469
35470
35471
35472
35473
35474
35486
35489
35490
35493
35494
35506
35508
35510
35513
35517
35518
35521
35524
35528
35529
35540
35543
35544
35545
35549
35552
35553
35554
35556
35560
35576
35577
35578
35579
35582
35585
35587
35588
35590
35594
35604
35607
35608
35611
35613
35616
35618
35619
35622
35623
35630
35631
35634
35640
35644
35648
35654
35655
35657
35658
35659
35663
35664
35667
35669
35673
35680
35683
35686
35687
35698
35701
35702
35704
35708
35709
35711
35714
35715
35716
35719
35724
35725
35727
35730
35736
35738
35743
35745
35748
35751
35752
35758
35759
35764
35765
35766
35767
35768
35774
35777
35780
35787
35788
35790
35791
35794
35797
35798
35799
35800
35801
35805
35812
35818
35820
35832
35833
35834
35836
35838
35842
35844
35847
35849
35856
35860
35862
35863
35864
35868
35869
35870
35872
35873
35880
35882
35884
35892
35894
35899
35900
35902
35904
35911
35912
35920
35935
35937
35938
35943
35945
35952
35953
35956
35959
35962
35965
35976
35980
35986
35987
35990
35991
35992
35994
35995
36004
36008
36009
36010
36015
36016
36017
36021
36023
36031
36034
36035
36041
36043
36044
36045
36050
36053
36055
36056
36057
36060
36068
36073
36078
36082
36083
36088
36098
36102
36104
36105
36106
36107
36113
36116
36122
36125
36128
36129
36130
36132
36135
36136
36137
36139
36142
36145
36147
36149
36154
36156
36159
36164
36165
36166
36168
36170
36172
36173
36184
36186
36187
36192
36193
36199
36200
36203
36208
36212
36213
36227
36228
36232
36237
36242
36244
36247
36259
36264
36265
36267
36268
36271
36278
36279
36281
36285
36287
36294
36298
36299
36301
36305
36306
36311
36314
36320
36323
36329
36330
36331
36337
36341
36347
36348
36350
36358
36359
36360
36361
36362
36363
36364
36366
36368
36381
36382
36384
36387
36390
36395
36397
36400
36403
36405
36406
36407
36408
36410
36417
36418
36431
36432
36434
36438
36440
36441
36443
36450
36451
36453
36457
36458
36462
36466
36468
36471
36473
36474
36478
36479
36483
36484
36485
36486
36490
36494
36495
36497
36500
36501
36502
36508
36510
36512
36515
36518
36522
36523
36526
36527
36528
36529
36532
36533
36534
36539
36540
36541
36542
36543
36545
36546
36547
36554
36559
36560
36561
36563
36564
36567
36569
36570
36572
36574
36576
36578
36583
36584
36585
36587
36589
36593
36594
36597
36599
36601
36610
36611
36612
36614
36615
36616
36619
36622
36623
36625
36629
36631
36635
36636
36637
36638
36640
36644
36651
36653
36659
36663
36666
36667
36669
36671
36675
36676
36679
36684
36688
36692
36703
36705
36707
36710
36714
36717
36730
36732
36737
36745
36747
36751
36755
36756
36760
36762
36763
36764
36766
36770
36771
36773
36775
36781
36783
36788
36796
36798
36800
36801
36802
36804
36806
36808
36812
36815
36822
36824
36827
36829
36833
36836
36840
36844
36845
36847
36851
36852
36856
36857
36858
36859
36865
36866
36871
36876
36879
36881
36882
36883
36884
36886
36887
36889
36890
36897
36898
36900
36903
36904
36905
36906
36908
36911
36912
36913
36917
36920
36925
36932
36934
36935
36936
36941
36943
36948
36949
36950
36953
36956
36959
36966
36967
36969
36971
36972
36973
36974
36979
36981
36982
36986
36992
36994
36997
36998
