390
488
558
859
891
1009
1121
1252
1655
1713
1734
2344
2658
3006
3314
3401
3432
3744
3922
3977
4316
4485
4935
5114
5201
5295
5478
6012
6094
6654
6930
7131
8224
9233
9530
9625
9672
9949
10194
10212
10532
11032
11413
11809
12242
12496
12573
12629
12742
13116
13295
13367
13410
13843
14016
14048
14091
14119
14216
14410
15087
15241
15363
15449
15574
15607
16246
16546
16787
17093
17523
17930
18085
18908
19497
19840
19884
20910
21058
21459
21544
21940
22464
22975
23103
23297
23480
23523
23582
23639
24000
24669
24839
25603
25640
25965
26249
26395
27492
27643
27922
29316
29413
29723
31035
31127
31240
31930
31998
32531
33533
33564
33605
33709
33958
33998
34392
34502
34515
34575
35358
35901
35941
36000
36078
36140
36824
36918
