3
5
10
12
13
15
16
23
28
32
38
40
46
47
49
50
54
55
57
64
65
66
67
70
73
75
88
89
93
100
101
104
106
108
113
115
117
118
133
134
135
137
139
153
157
166
174
177
179
182
183
185
187
188
193
199
201
202
211
217
224
225
226
233
234
237
238
254
257
262
263
265
266
271
277
278
282
285
286
289
291
292
300
301
304
317
318
321
323
324
332
333
337
338
343
347
351
353
354
355
359
374
380
384
385
390
397
400
401
403
406
412
415
418
419
420
421
425
426
432
440
447
451
454
458
459
466
467
469
475
480
489
493
494
498
502
505
511
515
517
520
523
525
530
534
535
542
544
545
548
549
555
559
561
562
565
566
570
572
575
586
587
595
600
601
604
609
618
619
629
631
635
641
644
646
647
656
658
659
660
664
667
668
670
675
678
685
689
690
692
693
695
699
703
706
714
716
717
719
725
726
727
730
736
737
739
746
749
751
754
758
762
764
765
766
775
779
781
787
791
792
793
800
802
804
805
807
808
816
818
826
833
834
836
849
853
858
861
863
871
879
880
882
884
885
890
895
898
902
904
908
909
912
913
917
920
923
926
927
929
934
935
936
941
944
946
951
953
955
957
958
960
963
966
969
971
973
974
978
982
987
993
996
999
1000
1003
1010
1015
1017
1018
1019
1029
1031
1035
1037
1039
1040
1043
1045
1046
1050
1051
1057
1058
1060
1065
1071
1076
1081
1082
1084
1085
1087
1093
1096
1097
1099
1102
1108
1113
1118
1121
1124
1127
1128
1129
1135
1140
1150
1160
1162
1163
1165
1167
1168
1172
1175
1178
1182
1184
1191
1194
1196
1200
1204
1206
1208
1211
1213
1219
1220
1223
1227
1228
1233
1235
1237
1238
1239
1241
1243
1247
1251
1252
1256
1257
1258
1263
1264
1266
1267
1270
1272
1273
1277
1280
1282
1284
1285
1290
1297
1299
1301
1302
1304
1308
1314
1317
1324
1326
1328
1333
1337
1339
1343
1346
1349
1357
1358
1370
1371
1375
1380
1384
1385
1391
1394
1396
1399
1405
1408
1410
1418
1424
1425
1428
1431
1434
1437
1438
1445
1447
1448
1450
1451
1453
1458
1463
1469
1470
1471
1475
1481
1487
1490
1491
1493
1500
1505
1508
1514
1516
1520
1522
1527
1528
1536
1539
1542
1544
1546
1547
1550
1552
1555
1557
1561
1566
1569
1574
1575
1582
1586
1587
1591
1592
1593
1595
1596
1600
1601
1613
1620
1625
1628
1630
1631
1634
1635
1638
1639
1642
1644
1648
1649
1655
1658
1662
1664
1667
1674
1678
1683
1686
1691
1699
1703
1704
1708
1718
1723
1728
1730
1732
1733
1735
1736
1738
1741
1743
1745
1747
1750
1755
1757
1761
1763
1765
1774
1779
1787
1796
1797
1798
1800
1804
1810
1812
1813
1817
1823
1828
1841
1844
1847
1849
1850
1853
1855
1863
1864
1865
1867
1871
1874
1875
1877
1880
1882
1886
1891
1892
1898
1902
1905
1910
1912
1913
1914
1920
1922
1926
1928
1932
1934
1935
1936
1944
1949
1954
1955
1964
1965
1968
1973
1980
1982
1984
1987
1992
2007
2008
2012
2017
2020
2021
2024
2029
2031
2034
2037
2038
2040
2041
2052
2056
2065
2067
2072
2076
2078
2084
2090
2099
2103
2105
2107
2108
2109
2112
2113
2117
2120
2122
2129
2131
2140
2145
2151
2153
2156
2157
2166
2167
2168
2170
2177
2184
2187
2189
2190
2192
2196
2198
2200
2202
2205
2209
2211
2212
2213
2220
2225
2227
2231
2232
2241
2245
2252
2255
2258
2259
2263
2278
2279
2287
2288
2289
2290
2291
2294
2296
2297
2300
2305
2311
2312
2313
2316
2317
2321
2324
2328
2329
2330
2331
2336
2340
2341
2347
2348
2350
2354
2368
2369
2379
2380
2384
2386
2391
2400
2402
2405
2406
2407
2408
2412
2413
2415
2416
2417
2418
2420
2426
2444
2447
2450
2453
2456
2458
2460
2463
2466
2467
2471
2472
2476
2477
2480
2484
2485
2488
2489
2491
2492
2496
2499
2505
2508
2512
2523
2524
2533
2534
2536
2537
2539
2542
2543
2546
2547
2551
2558
2562
2565
2568
2571
2576
2579
2587
2589
2590
2597
2603
2609
2616
2618
2621
2638
2642
2651
2654
2673
2675
2677
2680
2684
2686
2687
2692
2696
2702
2708
2710
2712
2714
2716
2718
2721
2723
2726
2728
2732
2733
2742
2744
2745
2751
2752
2759
2768
2772
2774
2784
2793
2794
2799
2806
2807
2819
2830
2835
2836
2853
2854
2856
2857
2859
2865
2869
2875
2878
2879
2883
2894
2895
2899
2904
2912
2925
2926
2932
2937
2938
2941
2946
2949
2961
2968
2982
2984
2985
2986
2991
2993
2994
2996
2998
2999
3002
3012
3015
3026
3030
3035
3036
3039
3047
3056
3058
3059
3063
3068
3070
3071
3073
3090
3093
3097
3098
3101
3102
3109
3111
3116
3119
3121
3130
3132
3133
3137
3143
3146
3147
3151
3161
3162
3164
3169
3171
3172
3174
3175
3178
3179
3180
3183
3184
3185
3189
3190
3191
3198
3202
3206
3214
3217
3223
3224
3226
3235
3238
3240
3245
3246
3250
3258
3262
3264
3273
3275
3276
3281
3282
3284
3286
3292
3298
3299
3303
3308
3309
3310
3313
3316
3318
3320
3326
3327
3330
3331
3340
3346
3347
3348
3352
3356
3363
3365
3373
3377
3382
3389
3396
3402
3407
3412
3414
3419
3421
3431
3432
3434
3435
3437
3439
3443
3444
3446
3451
3457
3466
3468
3469
3475
3476
3480
3484
3489
3492
3493
3499
3501
3502
3503
3505
3507
3513
3515
3521
3522
3527
3528
3529
3531
3538
3542
3550
3555
3556
3559
3561
3563
3568
3570
3571
3572
3576
3578
3579
3583
3589
3594
3596
3597
3599
3603
3604
3609
3611
3617
3618
3619
3621
3627
3628
3630
3634
3640
3652
3660
3663
3665
3668
3671
3673
3676
3680
3683
3694
3697
3702
3707
3712
3716
3719
3723
3725
3730
3734
3735
3748
3755
3757
3758
3759
3761
3764
3765
3769
3773
3776
3777
3781
3783
3788
3794
3795
3797
3802
3803
3804
3810
3812
3819
3822
3823
3824
3825
3827
3838
3839
3849
3850
3856
3861
3863
3865
3871
3872
3875
3884
3889
3891
3893
3905
3906
3911
3921
3922
3927
3932
3936
3937
3941
3943
3944
3948
3949
3954
3955
3959
3960
3961
3962
3965
3968
3970
3973
3974
3977
3978
3985
3986
3996
3999
4002
4003
4004
4005
4010
4015
4017
4025
4028
4031
4033
4037
4039
4047
4052
4054
4067
4069
4078
4085
4088
4091
4094
4096
4100
4101
4104
4105
4106
4110
4123
4125
4127
4128
4130
4137
4139
4144
4145
4155
4156
4173
4174
4178
4182
4188
4189
4195
4196
4198
4200
4201
4202
4203
4207
4209
4212
4214
4216
4218
4220
4228
4230
4231
4233
4244
4246
4248
4252
4253
4260
4261
4267
4268
4270
4271
4273
4274
4275
4276
4281
4287
4291
4293
4294
4295
4297
4300
4305
4306
4308
4310
4311
4313
4314
4317
4320
4329
4331
4334
4339
4341
4343
4348
4350
4355
4360
4365
4370
4373
4377
4379
4386
4387
4391
4393
4398
4410
4416
4418
4420
4423
4424
4428
4429
4431
4435
4457
4461
4470
4471
4473
4475
4479
4482
4484
4487
4491
4493
4496
4499
4513
4519
4524
4527
4529
4532
4535
4538
4539
4541
4544
4545
4546
4552
4553
4557
4566
4573
4574
4575
4580
4586
4589
4591
4592
4593
4596
4599
4600
4607
4608
4617
4618
4623
4630
4632
4633
4635
4638
4639
4644
4647
4649
4657
4663
4670
4671
4672
4675
4678
4679
4686
4689
4695
4702
4705
4714
4716
4717
4723
4728
4732
4736
4737
4748
4755
4757
4763
4764
4766
4767
4775
4777
4780
4781
4784
4787
4790
4791
4794
4796
4797
4799
4800
4808
4813
4816
4817
4822
4825
4827
4831
4832
4836
4838
4845
4849
4850
4851
4854
4857
4858
4860
4862
4865
4874
4877
4880
4882
4885
4887
4889
4892
4896
4897
4900
4901
4903
4912
4922
4923
4926
4927
4929
4933
4935
4938
4939
4942
4943
4946
4948
4952
4955
4958
4961
4966
4973
4975
4979
4981
4990
4992
4997
5001
5009
5013
5014
5016
5017
5018
5022
5023
5025
5028
5029
5033
5038
5046
5048
5051
5054
5058
5065
5066
5069
5070
5072
5074
5081
5082
5088
5089
5090
5091
5097
5105
5107
5108
5109
5111
5121
5123
5128
5132
5135
5136
5137
5138
5141
5143
5151
5153
5160
5163
5168
5172
5175
5178
5179
5181
5182
5185
5188
5209
5210
5215
5216
5218
5219
5220
5224
5226
5229
5239
5243
5255
5261
5262
5263
5270
5275
5276
5282
5287
5288
5292
5293
5298
5299
5301
5303
5305
5313
5320
5330
5331
5337
5343
5344
5345
5359
5360
5362
5367
5368
5369
5370
5374
5377
5382
5386
5391
5394
5396
5401
5402
5403
5410
5411
5420
5424
5427
5428
5443
5444
5448
5449
5450
5454
5455
5457
5458
5459
5461
5463
5468
5480
5490
5499
5501
5503
5504
5505
5506
5519
5528
5529
5534
5542
5550
5551
5553
5559
5560
5561
5565
5567
5570
5572
5583
5585
5593
5595
5598
5599
5608
5611
5613
5618
5621
5625
5630
5637
5639
5640
5645
5649
5650
5654
5655
5656
5662
5663
5666
5673
5674
5675
5679
5685
5690
5691
5698
5710
5713
5717
5721
5723
5727
5730
5737
5745
5753
5755
5756
5764
5766
5767
5778
5779
5781
5784
5789
5792
5796
5798
5804
5813
5814
5817
5823
5824
5827
5828
5830
5831
5834
5836
5840
5852
5853
5854
5855
5858
5859
5866
5868
5870
5872
5874
5882
5884
5887
5889
5892
5899
5900
5911
5914
5920
5921
5923
5924
5930
5935
5938
5944
5946
5948
5950
5951
5952
5954
5956
5958
5960
5962
5965
5967
5970
5974
5976
5979
5982
5985
5986
5987
5992
6000
6001
6002
6003
6004
6008
6011
6013
6015
6016
6022
6026
6027
6028
6029
6030
6031
6032
6036
6037
6043
6047
6049
6056
6058
6068
6070
6073
6076
6083
6084
6085
6087
6094
6098
6099
6104
6105
6106
6107
6113
6114
6124
6125
6127
6130
6131
6136
6139
6142
6148
6149
6150
6157
6163
6165
6166
6169
6172
6173
6175
6177
6178
6180
6190
6192
6193
6195
6197
6201
6204
6206
6208
6212
6213
6214
6217
6219
6221
6225
6226
6227
6231
6233
6234
6235
6238
6241
6245
6249
6255
6260
6263
6265
6266
6269
6271
6272
6277
6278
6283
6284
6289
6290
6292
6301
6303
6306
6308
6309
6313
6314
6319
6322
6323
6324
6325
6326
6328
6329
6330
6331
6333
6337
6340
6343
6363
6364
6375
6377
6378
6379
6381
6382
6385
6387
6393
6397
6410
6412
6416
6420
6427
6432
6433
6434
6435
6438
6439
6440
6441
6442
6443
6445
6448
6450
6453
6454
6455
6456
6462
6464
6466
6467
6469
6471
6472
6473
6475
6479
6481
6488
6490
6492
6500
6504
6511
6515
6525
6527
6528
6534
6535
6536
6540
6543
6548
6557
6562
6566
6569
6574
6575
6579
6584
6586
6587
6592
6593
6598
6610
6613
6619
6622
6627
6633
6639
6640
6641
6650
6651
6653
6656
6661
6662
6664
6667
6668
6669
6677
6680
6682
6688
6692
6695
6696
6700
6701
6706
6708
6709
6711
6713
6717
6718
6728
6730
6731
6741
6743
6749
6751
6753
6756
6759
6764
6766
6769
6772
6774
6777
6780
6781
6783
6785
6801
6815
6820
6821
6823
6824
6825
6827
6830
6831
6835
6839
6841
6842
6844
6849
6850
6851
6854
6856
6866
6871
6872
6875
6880
6888
6890
6893
6897
6899
6900
6901
6904
6908
6916
6918
6920
6921
6927
6929
6930
6931
6932
6933
6936
6938
6940
6941
6945
6950
6964
6965
6966
6975
6979
6982
6987
6995
6997
6998
7002
7005
7008
7010
7019
7022
7025
7028
7030
7031
7036
7037
7039
7041
7046
7047
7051
7052
7066
7073
7074
7075
7076
7077
7079
7085
7088
7091
7092
7095
7096
7106
7112
7113
7116
7118
7122
7125
7130
7134
7135
7136
7140
7142
7143
7148
7152
7154
7158
7160
7165
7167
7168
7169
7172
7175
7176
7179
7180
7182
7189
7196
7197
7205
7207
7215
7221
7225
7226
7229
7230
7234
7236
7238
7242
7243
7247
7248
7254
7259
7265
7270
7273
7275
7276
7281
7283
7292
7293
7295
7297
7298
7305
7316
7319
7324
7330
7333
7335
7341
7346
7348
7349
7351
7361
7362
7363
7365
7367
7369
7375
7376
7384
7391
7395
7397
7398
7399
7406
7407
7408
7411
7414
7417
7425
7434
7440
7442
7452
7455
7458
7462
7463
7466
7468
7469
7472
7473
7474
7480
7481
7483
7485
7490
7492
7493
7498
7499
7506
7522
7524
7530
7532
7538
7547
7548
7551
7555
7557
7560
7564
7573
7578
7582
7595
7597
7599
7601
7610
7611
7613
7615
7616
7619
7621
7622
7623
7627
7630
7632
7637
7639
7644
7652
7653
7656
7661
7667
7669
7670
7671
7673
7675
7678
7682
7684
7685
7686
7691
7692
7693
7696
7702
7711
7713
7714
7715
7716
7718
7724
7729
7735
7739
7747
7751
7753
7754
7756
7757
7758
7760
7761
7777
7780
7781
7783
7784
7786
7790
7794
7795
7798
7799
7803
7804
7805
7809
7820
7822
7823
7824
7825
7827
7835
7847
7856
7858
7863
7866
7871
7875
7881
7891
7893
7896
7897
7900
7903
7905
7906
7908
7910
7911
7912
7916
7918
7926
7927
7933
7934
7936
7940
7946
7947
7953
7954
7963
7967
7971
7976
7977
7980
7989
7991
7993
7995
7997
7998
8002
8011
8013
8014
8021
8022
8033
8043
8044
8045
8046
8052
8055
8057
8062
8064
8066
8071
8073
8077
8080
8084
8086
8089
8092
8094
8101
8103
8106
8107
8109
8123
8125
8137
8141
8142
8149
8152
8154
8163
8165
8167
8168
8170
8172
8173
8174
8175
8183
8192
8201
8202
8203
8222
8234
8235
8240
8243
8244
8248
8249
8256
8259
8261
8262
8265
8266
8267
8268
8269
8279
8289
8295
8297
8298
8300
8304
8308
8313
8317
8318
8323
8325
8333
8334
8336
8337
8342
8344
8345
8350
8352
8356
8358
8360
8362
8366
8371
8372
8376
8377
8381
8387
8390
8391
8396
8397
8398
8400
8403
8405
8406
8409
8412
8413
8414
8415
8416
8417
8421
8428
8429
8434
8437
8442
8445
8452
8455
8462
8466
8469
8482
8484
8485
8487
8488
8497
8503
8504
8507
8508
8511
8512
8514
8517
8518
8521
8529
8537
8538
8539
8544
8547
8548
8549
8551
8553
8556
8557
8578
8580
8583
8586
8587
8593
8594
8600
8602
8606
8608
8614
8615
8618
8622
8624
8626
8627
8638
8643
8644
8650
8652
8655
8657
8663
8673
8677
8679
8680
8682
8686
8699
8705
8708
8713
8716
8722
8725
8728
8735
8737
8742
8744
8746
8747
8751
8752
8759
8762
8766
8768
8769
8773
8774
8776
8779
8781
8782
8783
8792
8801
8802
8803
8806
8819
8830
8831
8837
8838
8839
8846
8851
8855
8866
8869
8872
8875
8877
8879
8890
8891
8893
8899
8900
8907
8912
8913
8922
8924
8928
8929
8930
8933
8940
8943
8945
8946
8949
8957
8959
8961
8962
8966
8967
8971
8975
8984
8985
8992
8996
9000
9003
9005
9006
9008
9012
9017
9019
9020
9029
9030
9033
9038
9043
9046
9047
9050
9052
9053
9061
9063
9070
9071
9074
9076
9078
9084
9085
9089
9094
9098
9105
9108
9110
9111
9115
9117
9119
9120
9121
9125
9132
9134
9140
9142
9143
9150
9152
9154
9157
9158
9159
9163
9168
9169
9171
9177
9178
9179
9180
9185
9186
9187
9198
9202
9213
9220
9228
9232
9237
9243
9247
9250
9252
9253
9257
9260
9262
9263
9265
9266
9267
9268
9271
9275
9285
9286
9290
9293
9296
9297
9298
9307
9311
9314
9320
9328
9330
9332
9334
9337
9342
9349
9350
9351
9352
9356
9360
9366
9369
9371
9374
9376
9380
9381
9382
9383
9384
9389
9392
9400
9405
9406
9412
9414
9415
9421
9423
9424
9426
9430
9431
9433
9434
9435
9436
9439
9443
9447
9449
9450
9452
9455
9456
9460
9462
9463
9468
9471
9473
9475
9479
9480
9482
9488
9491
9495
9500
9502
9503
9504
9508
9509
9514
9515
9520
9532
9533
9534
9536
9540
9545
9552
9554
9559
9573
9574
9575
9581
9582
9583
9584
9585
9589
9592
9595
9596
9599
9605
9610
9613
9614
9617
9619
9622
9627
9628
9631
9637
9639
9644
9653
9654
9657
9658
9660
9661
9665
9674
9679
9682
9686
9690
9693
9694
9695
9697
9704
9706
9721
9728
9737
9738
9749
9751
9757
9758
9763
9765
9768
9773
9776
9788
9791
9793
9794
9795
9796
9799
9800
9803
9805
9808
9810
9811
9815
9816
9818
9823
9825
9827
9828
9830
9833
9844
9845
9846
9850
9854
9855
9858
9861
9862
9863
9865
9871
9884
9886
9887
9888
9903
9908
9912
9917
9919
9921
9922
9926
9934
9935
9937
9944
9946
9947
9948
9952
9953
9959
9960
9963
9969
9970
9993
9996
10009
10012
10013
10017
10021
10024
10026
10032
10033
10040
10043
10044
10049
10052
10058
10061
10066
10067
10071
10075
10078
10085
10097
10099
10102
10103
10105
10116
10117
10119
10121
10122
10123
10126
10129
10135
10138
10147
10151
10162
10163
10169
10174
10178
10181
10183
10191
10194
10197
10198
10201
10206
10208
10211
10213
10223
10227
10228
10229
10234
10235
10239
10241
10244
10246
10258
10262
10263
10265
10266
10267
10268
10270
10275
10276
10290
10291
10292
10294
10295
10299
10306
10307
10310
10311
10313
10320
10321
10324
10330
10332
10337
10344
10347
10356
10371
10373
10375
10377
10378
10379
10386
10392
10394
10396
10401
10402
10403
10409
10410
10412
10418
10424
10431
10434
10437
10439
10440
10442
10445
10446
10447
10454
10456
10457
10458
10459
10462
10470
10478
10481
10488
10492
10495
10501
10502
10508
10511
10514
10519
10523
10526
10531
10532
10533
10540
10544
10546
10547
10550
10555
10557
10561
10565
10570
10573
10577
10581
10583
10587
10590
10595
10599
10603
10606
10607
10611
10612
10614
10620
10621
10626
10627
10630
10633
10638
10641
10643
10645
10652
10658
10663
10667
10669
10670
10675
10679
10680
10683
10684
10686
10688
10689
10691
10693
10695
10701
10704
10708
10709
10710
10711
10715
10717
10724
10727
10728
10730
10736
10738
10740
10743
10747
10749
10751
10752
10760
10764
10765
10766
10768
10769
10773
10775
10782
10787
10789
10795
10798
10800
10801
10802
10810
10813
10814
10815
10817
10819
10820
10821
10822
10825
10826
10838
10845
10847
10851
10854
10855
10865
10879
10881
10884
10886
10887
10890
10897
10907
10909
10911
10912
10915
10917
10918
10922
10923
10928
10937
10938
10952
10953
10954
10958
10959
10961
10967
10970
10974
10975
10981
10984
10986
10995
10996
10997
11001
11002
11004
11005
11009
11011
11012
11015
11016
11026
11029
11035
11045
11048
11049
11054
11060
11061
11066
11067
11068
11070
11072
11083
11089
11093
11099
11100
11101
11102
11104
11107
11110
11118
11124
11127
11130
11132
11133
11139
11142
11143
11147
11150
11151
11152
11156
11160
11161
11164
11169
11171
11172
11173
11178
11188
11190
11192
11193
11195
11199
11203
11212
11213
11223
11229
11230
11239
11241
11251
11252
11253
11257
11262
11264
11266
11269
11271
11274
11277
11280
11281
11282
11283
11284
11285
11288
11289
11293
11301
11314
11316
11317
11319
11322
11323
11325
11328
11330
11337
11343
11344
11347
11348
11351
11354
11360
11362
11364
11365
11366
11369
11376
11377
11378
11379
11380
11389
11390
11397
11398
11400
11408
11409
11410
11411
11412
11415
11423
11426
11430
11432
11436
11437
11441
11442
11443
11445
11453
11454
11456
11457
11461
11467
11468
11470
11471
11472
11473
11475
11478
11480
11487
11488
11492
11504
11506
11520
11521
11524
11525
11527
11546
11547
11548
11549
11551
11552
11554
11557
11558
11562
11566
11568
11569
11570
11580
11584
11587
11590
11591
11595
11598
11601
11602
11606
11612
11613
11616
11617
11618
11625
11626
11630
11634
11635
11636
11643
11645
11646
11647
11648
11651
11656
11657
11659
11660
11663
11664
11665
11666
11676
11679
11683
11685
11686
11687
11692
11696
11700
11703
11711
11714
11721
11723
11726
11732
11741
11742
11743
11746
11748
11759
11760
11763
11766
11767
11774
11780
11787
11794
11798
11800
11813
11814
11815
11819
11821
11829
11830
11831
11841
11844
11851
11856
11857
11858
11859
11862
11872
11874
11879
11887
11893
11894
11899
11900
11903
11907
11909
11912
11923
11926
11931
11932
11936
11938
11942
11943
11955
11956
11957
11960
11964
11965
11970
11972
11974
11975
11976
11981
11982
11984
11992
11993
12000
12001
12006
12007
12008
12012
12014
12015
12019
12023
12024
12026
12030
12031
12032
12034
12036
12038
12039
12040
12043
12047
12052
12054
12059
12062
12065
12072
12076
12077
12081
12093
12094
12102
12107
12111
12112
12120
12122
12125
12126
12128
12129
12133
12135
12141
12142
12145
12151
12152
12154
12157
12167
12169
12173
12174
12175
12177
12183
12186
12188
12189
12190
12191
12192
12196
12201
12205
12208
12210
12214
12216
12219
12221
12222
12223
12226
12228
12230
12232
12235
12240
12247
12250
12259
12263
12267
12271
12273
12279
12280
12283
12284
12286
12290
12292
12293
12297
12299
12300
12304
12307
12309
12318
12319
12323
12324
12327
12328
12331
12332
12333
12336
12341
12342
12346
12348
12349
12354
12355
12356
12358
12377
12379
12384
12389
12396
12402
12409
12410
12414
12420
12421
12428
12430
12434
12440
12449
12451
12452
12453
12454
12458
12460
12463
12464
12466
12467
12472
12474
12475
12478
12479
12480
12485
12495
12506
12507
12513
12514
12517
12520
12522
12528
12529
12532
12534
12538
12545
12547
12549
12550
12554
12557
12563
12564
12565
12568
12569
12573
12579
12580
12585
12587
12591
12592
12594
12595
12598
12601
12603
12609
12611
12624
12626
12627
12632
12636
12639
12640
12641
12643
12649
12651
12655
12656
12657
12662
12664
12667
12668
12670
12674
12676
12678
12681
12688
12690
12695
12703
12708
12710
12712
12717
12719
12722
12725
12727
12730
12731
12736
12739
12742
12747
12755
12758
12760
12764
12765
12770
12773
12775
12778
12780
12781
12782
12791
12794
12795
12796
12800
12801
12803
12809
12810
12812
12814
12818
12819
12820
12822
12827
12828
12830
12834
12842
12843
12847
12848
12851
12855
12857
12861
12865
12867
12868
12869
12871
12872
12874
12880
12881
12883
12885
12887
12890
12892
12894
12901
12902
12904
12905
12910
12914
12916
12918
12922
12926
12930
12931
12932
12936
12938
12943
12947
12949
12951
12952
12955
12957
12959
12961
12962
12963
12967
12968
12969
12971
12975
12976
12978
12979
12988
12993
12997
13002
13008
13010
13013
13014
13015
13023
13025
13028
13029
13037
13044
13046
13047
13052
13054
13068
13069
13070
13074
13075
13076
13078
13088
13089
13092
13103
13104
13105
13106
13107
13108
13111
13112
13113
13116
13119
13120
13122
13124
13131
13135
13136
13140
13141
13149
13150
13151
13152
13157
13159
13174
13175
13177
13182
13184
13187
13188
13194
13197
13201
13204
13205
13206
13207
13221
13223
13224
13226
13228
13230
13232
13239
13241
13248
13249
13250
13252
13253
13254
13257
13263
13264
13265
13271
13272
13276
13277
13278
13283
13286
13287
13289
13290
13295
13297
13300
13305
13318
13323
13324
13329
13330
13331
13333
13337
13338
13342
13344
13353
13359
13361
13362
13365
13375
13382
13386
13394
13400
13401
13403
13411
13417
13419
13421
13422
13425
13427
13430
13438
13440
13441
13442
13444
13446
13447
13450
13451
13454
13459
13462
13464
13465
13467
13470
13473
13478
13479
13480
13495
13499
13500
13507
13508
13513
13515
13534
13535
13540
13541
13545
13550
13559
13561
13572
13575
13578
13580
13581
13583
13586
13591
13592
13595
13598
13602
13603
13609
13610
13613
13616
13619
13625
13627
13630
13632
13636
13637
13638
13639
13645
13646
13653
13654
13658
13660
13668
13671
13674
13679
13684
13685
13691
13697
13698
13703
13705
13708
13709
13713
13716
13718
13726
13730
13732
13733
13736
13738
13739
13744
13749
13750
13751
13753
13758
13760
13767
13782
13783
13785
13786
13787
13788
13792
13797
13798
13808
13814
13815
13817
13819
13822
13827
13830
13832
13833
13844
13848
13854
13855
13857
13862
13863
13865
13866
13869
13870
13871
13876
13878
13879
13883
13890
13892
13893
13894
13896
13901
13903
13914
13919
13923
13927
13930
13932
13933
13934
13935
13937
13939
13947
13950
13955
13956
13957
13961
13963
13965
13971
13977
13980
13984
13986
13987
13991
13993
13995
13997
14005
14006
14008
14011
14017
14019
14026
14027
14030
14032
14033
14035
14040
14041
14043
14044
14045
14049
14052
14056
14057
14064
14068
14074
14076
14080
14082
14084
14087
14088
14095
14098
14101
14110
14118
14120
14121
14123
14124
14126
14136
14146
14151
14157
14158
14159
14161
14165
14168
14171
14172
14174
14180
14181
14190
14193
14196
14197
14200
14202
14217
14218
14221
14226
14232
14247
14250
14252
14253
14256
14263
14265
14270
14278
14283
14288
14290
14291
14297
14302
14303
14306
14311
14314
14322
14323
14330
14333
14334
14336
14338
14339
14342
14345
14347
14356
14359
14364
14370
14378
14379
14381
14383
14386
14388
14389
14390
14391
14393
14399
14406
14407
14408
14413
14424
14426
14433
14434
14440
14441
14444
14448
14455
14456
14459
14460
14462
14465
14470
14471
14475
14476
14482
14483
14486
14488
14490
14499
14527
14528
14536
14539
14541
14543
14544
14546
14548
14549
14550
14551
14554
14559
14562
14570
14571
14575
14576
14577
14578
14579
14580
14583
14584
14586
14587
14589
14598
14599
14602
14606
14607
14610
14611
14615
14616
14620
14629
14631
14632
14633
14634
14640
14641
14646
14647
14650
14654
14655
14656
14658
14660
14665
14666
14668
14681
14685
14687
14689
14695
14697
14705
14706
14708
14711
14713
14729
14732
14733
14734
14738
14747
14748
14752
14756
14758
14762
14763
14764
14766
14767
14768
14770
14771
14780
14782
14784
14786
14788
14789
14790
14796
14800
14801
14804
14805
14809
14813
14815
14817
14819
14825
14828
14829
14834
14835
14837
14838
14847
14851
14853
14855
14862
14869
14880
14884
14888
14893
14895
14900
14902
14905
14908
14912
14914
14919
14920
14932
14935
14946
14947
14948
14956
14958
14959
14972
14975
14977
14979
14981
14987
14994
14998
15000
15005
15006
15015
15016
15018
15021
15026
15033
15035
15038
15044
15051
15053
15055
15063
15069
15073
15074
15076
15079
15083
15084
15088
15090
15092
15093
15094
15096
15098
15100
15101
15107
15111
15115
15118
15119
15124
15127
15130
15132
15137
15142
15144
15146
15149
15153
15157
15162
15163
15165
15168
15170
15174
15182
15183
15188
15190
15197
15199
15202
15205
15206
15207
15212
15213
15216
15217
15218
15222
15223
15225
15226
15232
15233
15236
15238
15243
15244
15247
15248
15253
15261
15264
15265
15266
15269
15271
15272
15275
15279
15284
15289
15291
15294
15295
15297
15301
15304
15305
15312
15314
15320
15322
15323
15325
15328
15335
15337
15339
15350
15351
15352
15360
15367
15379
15380
15389
15391
15395
15396
15398
15399
15404
15406
15412
15419
15424
15427
15428
15430
15431
15433
15434
15436
15438
15444
15460
15461
15466
15471
15474
15487
15496
15508
15511
15512
15513
15515
15516
15518
15525
15528
15529
15531
15537
15539
15542
15544
15545
15549
15573
15578
15580
15582
15588
15594
15600
15601
15603
15607
15613
15614
15616
15625
15628
15630
15634
15640
15641
15642
15643
15647
15649
15659
15661
15664
15665
15666
15668
15686
15688
15690
15691
15693
15694
15696
15700
15701
15703
15705
15713
15716
15717
15718
15722
15723
15724
15735
15737
15748
15750
15752
15756
15760
15765
15772
15774
15777
15779
15781
15787
15789
15790
15792
15794
15797
15805
15807
15808
15815
15822
15828
15833
15838
15839
15840
15842
15849
15851
15855
15860
15862
15867
15869
15883
15884
15887
15892
15895
15899
15904
15908
15909
15913
15917
15918
15925
15927
15929
15933
15935
15936
15942
15943
15948
15949
15950
15953
15958
15962
15963
15964
15972
15973
15978
15979
15980
15981
15984
15990
15992
16002
16003
16005
16006
16012
16015
16019
16023
16027
16035
16036
16038
16041
16042
16043
16049
16058
16065
16069
16072
16074
16079
16086
16093
16095
16096
16097
16098
16105
16116
16120
16124
16125
16127
16129
16139
16145
16151
16154
16158
16168
16169
16174
16175
16178
16179
16180
16182
16184
16200
16203
16210
16218
16221
16223
16225
16226
16227
16228
16229
16230
16235
16236
16243
16249
16258
16261
16262
16263
16264
16266
16267
16268
16276
16278
16281
16283
16284
16288
16289
16292
16295
16300
16304
16308
16309
16310
16313
16314
16317
16321
16322
16323
16324
16327
16339
16342
16345
16363
16364
16369
16370
16371
16373
16374
16376
16379
16380
16381
16382
16383
16387
16391
16392
16395
16396
16397
16399
16402
16403
16417
16435
16437
16441
16445
16446
16447
16453
16454
16457
16461
16462
16464
16470
16471
16474
16476
16478
16479
16485
16486
16490
16494
16501
16503
16509
16518
16526
16527
16530
16531
16536
16540
16541
16548
16549
16550
16551
16553
16557
16560
16561
16565
16568
16571
16574
16577
16589
16590
16591
16597
16602
16611
16614
16621
16624
16625
16628
16629
16633
16637
16638
16640
16645
16649
16652
16654
16655
16658
16659
16665
16674
16676
16684
16688
16689
16691
16693
16697
16698
16699
16701
16709
16712
16713
16715
16716
16717
16718
16720
16724
16725
16728
16729
16733
16735
16736
16737
16744
16748
16752
16753
16756
16758
16766
16767
16770
16772
16773
16774
16776
16785
16793
16806
16808
16817
16823
16824
16828
16835
16837
16838
16849
16853
16854
16855
16866
16867
16868
16869
16872
16875
16876
16882
16883
16891
16892
16896
16897
16899
16901
16905
16909
16915
16916
16917
16918
16922
16926
16933
16940
16943
16944
16945
16946
16949
16950
16951
16959
16962
16969
16972
16973
16980
16982
16984
16985
16986
16987
16995
16997
17000
17001
17004
17006
17010
17016
17023
17024
17028
17041
17045
17046
17057
17059
17060
17061
17062
17065
17068
17070
17075
17078
17080
17082
17083
17086
17087
17092
17094
17096
17099
17102
17104
17106
17111
17113
17116
17117
17118
17119
17120
17124
17128
17132
17137
17143
17145
17147
17150
17152
17159
17164
17165
17166
17167
17168
17169
17171
17174
17178
17182
17186
17210
17212
17216
17222
17226
17231
17232
17235
17238
17244
17246
17247
17248
17249
17251
17255
17259
17260
17261
17262
17264
17265
17272
17274
17280
17281
17284
17285
17294
17296
17297
17298
17299
17306
17309
17310
17321
17323
17326
17327
17328
17330
17334
17336
17337
17341
17343
17346
17350
17351
17352
17353
17358
17360
17361
17362
17369
17373
17376
17378
17382
17383
17387
17397
17398
17399
17400
17404
17407
17416
17418
17424
17425
17426
17427
17430
17433
17437
17440
17448
17453
17455
17462
17465
17469
17477
17479
17480
17482
17484
17492
17497
17499
17501
17503
17506
17507
17514
17516
17519
17520
17521
17523
17524
17526
17527
17528
17539
17542
17543
17546
17548
17553
17555
17564
17565
17568
17569
17572
17573
17577
17579
17582
17584
17585
17591
17597
17600
17603
17605
17606
17609
17613
17614
17618
17624
17626
17630
17631
17636
17637
17639
17640
17643
17645
17648
17655
17659
17660
17661
17663
17664
17668
17673
17687
17689
17691
17692
17694
17697
17703
17704
17707
17709
17710
17714
17729
17731
17732
17740
17744
17747
17751
17754
17763
17777
17780
17781
17787
17788
17789
17790
17798
17802
17804
17806
17811
17814
17815
17818
17821
17825
17826
17828
17829
17833
17834
17836
17840
17841
17843
17846
17848
17850
17862
17864
17869
17872
17875
17877
17882
17890
17899
17903
17904
17905
17906
17907
17911
17917
17920
17921
17923
17926
17929
17930
17935
17936
17938
17940
17945
17947
17949
17956
17963
17965
17967
17972
17976
17980
17986
17990
17992
17994
17999
18001
18011
18012
18020
18022
18024
18030
18031
18033
18035
18038
18044
18049
18050
18057
18061
18063
18066
18067
18069
18070
18073
18074
18075
18077
18081
18085
18086
18090
18099
18102
18106
18107
18108
18109
18110
18116
18117
18119
18121
18122
18123
18126
18127
18142
18151
18161
18166
18167
18171
18173
18175
18177
18181
18182
18183
18210
18211
18212
18217
18224
18225
18227
18230
18231
18232
18234
18238
18240
18241
18243
18245
18253
18255
18256
18258
18264
18266
18270
18271
18275
18283
18288
18297
18299
18303
18304
18306
18308
18313
18314
18316
18321
18323
18325
18328
18331
18335
18337
18344
18348
18349
18359
18361
18365
18367
18370
18371
18373
18377
18378
18384
18386
18388
18389
18391
18394
18397
18399
18406
18407
18408
18415
18416
18417
18422
18424
18432
18437
18444
18445
18447
18454
18455
18459
18461
18463
18472
18473
18475
18476
18477
18479
18481
18482
18483
18493
18496
