0
1
19
22
27
30
33
34
36
39
43
48
51
53
58
63
71
77
79
80
81
82
96
102
103
107
114
122
124
128
130
131
136
140
141
143
147
149
152
155
156
158
161
164
167
168
169
171
178
184
189
190
192
195
198
203
204
205
206
207
209
215
216
223
227
228
230
241
243
244
246
249
251
253
255
258
259
260
264
267
268
272
273
280
287
288
290
298
302
303
305
308
309
325
327
329
336
340
350
352
362
363
364
366
367
368
370
371
373
377
378
379
381
388
393
402
404
405
409
410
413
416
424
429
431
433
434
435
436
437
441
442
443
444
445
446
448
450
452
453
455
461
471
472
476
481
482
484
496
497
501
506
510
512
513
518
522
524
528
536
537
539
540
541
547
552
554
556
558
560
564
578
579
582
583
584
590
591
597
605
606
607
608
613
616
620
621
637
638
639
643
645
649
651
654
663
665
666
669
671
676
677
680
681
687
688
691
697
698
701
702
704
707
708
710
711
713
715
718
720
722
723
731
733
738
742
745
747
748
752
753
756
759
763
768
773
776
777
778
785
786
790
795
797
798
801
803
806
811
813
819
821
823
824
827
828
831
832
835
839
840
841
843
844
845
847
850
852
855
856
857
859
860
862
864
866
876
877
878
883
886
892
893
899
901
905
911
916
918
922
933
937
942
943
947
949
952
954
965
967
968
970
975
976
977
979
980
983
985
986
990
991
992
997
1002
1008
1009
1011
1014
1020
1023
1025
1027
1032
1038
1044
1047
1048
1049
1053
1054
1055
1067
1068
1072
1073
1078
1086
1088
1089
1090
1091
1094
1105
1107
1110
1111
1112
1114
1116
1120
1126
1130
1131
1133
1134
1138
1144
1146
1148
1149
1153
1155
1157
1159
1166
1171
1173
1176
1177
1179
1180
1183
1186
1188
1190
1193
1195
1197
1198
1199
1202
1209
1216
1225
1226
1229
1231
1234
1240
1246
1248
1249
1253
1255
1260
1261
1262
1271
1278
1279
1281
1292
1293
1294
1303
1306
1309
1316
1319
1320
1321
1322
1329
1331
1334
1335
1340
1341
1342
1344
1347
1350
1352
1353
1355
1359
1360
1361
1378
1379
1381
1382
1383
1393
1398
1401
1402
1406
1413
1415
1417
1420
1421
1422
1426
1429
1430
1432
1436
1439
1441
1452
1454
1455
1460
1462
1464
1465
1467
1479
1483
1484
1492
1495
1496
1498
1499
1503
1504
1513
1519
1523
1525
1529
1530
1532
1534
1535
1543
1548
1551
1553
1554
1558
1559
1560
1562
1565
1570
1572
1576
1578
1579
1583
1585
1588
1589
1590
1598
1599
1605
1609
1612
1614
1617
1619
1622
1623
1624
1626
1627
1629
1632
1633
1636
1637
1641
1650
1652
1653
1654
1656
1657
1668
1669
1671
1673
1675
1681
1682
1685
1693
1698
1702
1706
1707
1711
1713
1715
1719
1720
1721
1724
1727
1729
1731
1734
1737
1744
1746
1748
1751
1752
1753
1756
1758
1759
1760
1766
1768
1771
1773
1775
1776
1780
1782
1783
1790
1791
1792
1793
1799
1802
1803
1814
1818
1820
1822
1824
1825
1827
1832
1833
1834
1835
1839
1840
1843
1848
1852
1857
1859
1860
1861
1872
1873
1876
1878
1881
1883
1884
1885
1887
1890
1895
1897
1903
1904
1906
1908
1909
1916
1918
1921
1923
1924
1925
1927
1931
1933
1937
1941
1946
1947
1948
1952
1953
1956
1959
1963
1969
1974
1976
1977
1978
1981
1983
1988
1989
1996
1999
2005
2006
2010
2011
2013
2015
2019
2022
2023
2027
2030
2032
2033
2035
2036
2042
2043
2049
2054
2061
2069
2073
2074
2081
2082
2085
2086
2094
2097
2101
2104
2110
2111
2116
2121
2123
2128
2133
2134
2138
2141
2143
2148
2150
2152
2155
2160
2162
2169
2171
2173
2174
2176
2178
2180
2191
2195
2197
2201
2210
2214
2218
2221
2222
2224
2226
2228
2230
2235
2236
2239
2243
2246
2247
2250
2251
2256
2257
2260
2265
2266
2268
2269
2271
2277
2285
2286
2295
2299
2301
2304
2306
2308
2314
2318
2320
2323
2326
2335
2337
2339
2352
2353
2358
2359
2360
2363
2367
2371
2372
2374
2376
2377
2378
2387
2390
2392
2398
2401
2410
2414
2419
2425
2428
2430
2431
2433
2434
2435
2436
2439
2441
2445
2446
2448
2451
2454
2457
2461
2469
2473
2482
2487
2490
2493
2495
2498
2500
2504
2507
2511
2513
2514
2517
2518
2521
2529
2531
2532
2541
2544
2548
2552
2555
2556
2557
2559
2566
2567
2569
2575
2577
2578
2580
2582
2583
2584
2585
2586
2591
2594
2598
2604
2605
2606
2610
2613
2614
2615
2619
2620
2623
2624
2626
2628
2629
2631
2632
2636
2637
2650
2655
2657
2659
2664
2665
2666
2667
2671
2672
2674
2676
2681
2682
2683
2685
2689
2690
2698
2703
2704
2709
2713
2715
2720
2725
2729
2731
2736
2740
2741
2746
2749
2755
2756
2760
2762
2767
2770
2771
2773
2775
2779
2787
2790
2792
2796
2798
2800
2802
2805
2810
2811
2817
2820
2822
2824
2825
2827
2833
2840
2841
2842
2845
2847
2850
2855
2860
2861
2862
2867
2870
2872
2876
2881
2885
2887
2890
2891
2893
2897
2900
2902
2903
2905
2908
2909
2911
2913
2916
2918
2921
2927
2928
2929
2940
2947
2950
2953
2957
2958
2959
2964
2966
2967
2975
2976
2978
2979
2980
2983
2990
2997
3001
3005
3006
3008
3011
3018
3023
3032
3038
3040
3042
3043
3045
3046
3048
3053
3055
3057
3061
3066
3067
3077
3079
3080
3081
3086
3092
3095
3096
3099
3100
3104
3106
3110
3113
3115
3117
3123
3124
3131
3135
3138
3140
3142
3145
3149
3153
3154
3156
3158
3159
3160
3165
3167
3188
3195
3203
3207
3209
3211
3213
3215
3222
3229
3232
3239
3241
3242
3243
3244
3251
3252
3253
3266
3267
3268
3269
3274
3280
3283
3290
3291
3293
3301
3305
3315
3317
3319
3323
3324
3328
3332
3333
3336
3337
3339
3342
3345
3349
3353
3361
3362
3366
3368
3371
3372
3376
3379
3383
3384
3385
3386
3390
3394
3397
3400
3401
3403
3405
3406
3409
3410
3411
3415
3418
3422
3423
3424
3426
3428
3429
3430
3433
3436
3442
3449
3450
3454
3456
3460
3472
3473
3478
3481
3483
3485
3486
3487
3490
3497
3504
3508
3509
3517
3523
3525
3532
3534
3535
3537
3540
3541
3547
3549
3553
3554
3558
3562
3564
3565
3569
3573
3575
3581
3582
3586
3588
3591
3592
3595
3598
3605
3606
3610
3612
3615
3620
3622
3624
3632
3635
3639
3643
3645
3647
3648
3650
3651
3655
3656
3658
3659
3662
3667
3674
3675
3678
3679
3682
3684
3685
3688
3689
3690
3691
3698
3699
3700
3706
3708
3711
3713
3714
3717
3720
3721
3727
3729
3736
3738
3741
3742
3746
3750
3751
3753
3754
3762
3763
3766
3768
3772
3774
3778
3784
3785
3786
3787
3792
3793
3796
3798
3800
3805
3813
3815
3816
3817
3820
3821
3829
3835
3836
3837
3842
3846
3848
3851
3853
3857
3858
3859
3862
3864
3868
3869
3873
3874
3876
3877
3882
3883
3886
3887
3894
3898
3899
3900
3901
3908
3910
3912
3917
3924
3926
3928
3929
3930
3931
3934
3938
3939
3942
3947
3950
3963
3964
3969
3971
3972
3976
3984
3987
3988
3989
3991
3994
4001
4006
4011
4012
4014
4016
4021
4024
4026
4027
4030
4034
4036
4041
4044
4046
4048
4059
4060
4061
4065
4066
4068
4070
4072
4073
4075
4076
4077
4079
4080
4089
4093
4095
4097
4102
4107
4109
4113
4121
4122
4126
4129
4131
4132
4134
4135
4136
4141
4142
4147
4149
4150
4151
4152
4154
4159
4161
4162
4163
4167
4172
4176
4181
4183
4184
4187
4192
4194
4197
4199
4208
4210
4211
4217
4221
4224
4225
4226
4232
4237
4238
4241
4243
4247
4250
4251
4254
4255
4258
4262
4263
4264
4265
4277
4278
4279
4290
4292
4296
4299
4303
4312
4318
4321
4323
4330
4333
4335
4336
4338
4344
4349
4351
4354
4357
4358
4359
4361
4362
4367
4371
4372
4376
4381
4384
4385
4390
4394
4399
4400
4401
4402
4404
4407
4408
4409
4412
4413
4414
4415
4421
4430
4436
4438
4439
4441
4442
4443
4444
4446
4448
4449
4453
4455
4458
4459
4460
4462
4465
4469
4477
4480
4481
4483
4492
4495
4501
4503
4504
4505
4506
4508
4511
4517
4518
4521
4522
4523
4526
4530
4531
4533
4534
4537
4540
4547
4551
4554
4555
4556
4561
4562
4563
4565
4571
4576
4585
4603
4604
4605
4610
4612
4614
4615
4616
4619
4620
4625
4636
4637
4648
4650
4651
4652
4653
4654
4664
4668
4676
4677
4680
4683
4684
4692
4693
4694
4697
4698
4701
4703
4706
4711
4715
4718
4720
4721
4722
4729
4735
4739
4740
4741
4744
4745
4747
4751
4752
4753
4754
4759
4760
4761
4765
4769
4770
4772
4773
4776
4778
4779
4782
4786
4788
4792
4793
4801
4802
4804
4805
4806
4809
4812
4824
4826
4829
4833
4839
4842
4861
4863
4864
4866
4870
4873
4875
4883
4884
4886
4888
4893
4894
4895
4899
4909
4911
4913
4915
4917
4919
4920
4921
4924
4928
4930
4931
4932
4934
4936
4947
4950
4953
4956
4957
4959
4962
4963
4970
4977
4978
4982
4983
4988
4991
4993
4996
4999
5000
5002
5003
5011
5015
5020
5021
5026
5027
5032
5036
5037
5040
5041
5050
5055
5056
5063
5067
5068
5075
5087
5092
5093
5096
5098
5101
5103
5106
5110
5114
5129
5130
5133
5142
5144
5145
5146
5147
5150
5155
5156
5157
5169
5174
5177
5180
5183
5191
5192
5196
5197
5199
5201
5202
5203
5204
5206
5208
5211
5214
5221
5222
5223
5227
5230
5231
5232
5234
5235
5236
5237
5240
5242
5244
5246
5251
5252
5254
5257
5260
5264
5268
5271
5272
5277
5278
5280
5289
5290
5294
5297
5302
5304
5306
5307
5310
5311
5316
5317
5323
5325
5326
5327
5333
5334
5335
5336
5338
5340
5342
5346
5347
5349
5351
5354
5355
5356
5357
5361
5365
5380
5384
5388
5395
5397
5398
5400
5408
5409
5414
5416
5418
5421
5432
5433
5435
5438
5439
5441
5442
5447
5456
5466
5471
5475
5477
5483
5486
5487
5492
5494
5495
5496
5497
5498
5502
5509
5510
5511
5515
5517
5524
5526
5530
5533
5535
5536
5543
5544
5545
5546
5548
5549
5552
5556
5557
5558
5562
5563
5568
5569
5573
5574
5575
5576
5578
5582
5584
5588
5592
5594
5596
5597
5602
5603
5606
5607
5617
5619
5624
5628
5634
5638
5641
5642
5646
5652
5658
5660
5664
5667
5669
5670
5671
5672
5676
5677
5684
5687
5688
5693
5695
5697
5699
5708
5712
5714
5716
5718
5725
5728
5729
5733
5734
5736
5738
5739
5743
5748
5759
5760
5762
5765
5768
5769
5774
5786
5787
5788
5791
5793
5797
5800
5805
5806
5807
5811
5815
5816
5820
5825
5829
5837
5841
5845
5847
5848
5850
5861
5864
5878
5883
5885
5894
5895
5896
5901
5902
5904
5905
5906
5907
5909
5910
5915
5917
5919
5926
5927
5929
5932
5940
5942
5943
5947
5953
5961
5963
5964
5966
5968
5969
5972
5977
5984
5988
5989
5990
5993
5994
5995
6006
6012
6014
6017
6018
6019
6021
6023
6024
6039
6040
6041
6044
6045
6052
6053
6055
6057
6059
6064
6069
6071
6079
6086
6088
6090
6091
6092
6093
6097
6102
6108
6110
6112
6116
6117
6118
6121
6122
6128
6133
6134
6137
6138
6143
6144
6151
6154
6156
6159
6164
6167
6179
6183
6186
6187
6188
6191
6203
6216
6218
6220
6222
6224
6228
6230
6237
6240
6242
6243
6248
6250
6251
6253
6257
6258
6261
6264
6267
6268
6270
6273
6280
6281
6282
6285
6287
6288
6293
6295
6302
6310
6311
6312
6316
6317
6318
6321
6327
6338
6342
6344
6345
6346
6350
6355
6358
6360
6362
6371
6374
6380
6389
6398
6399
6400
6404
6407
6408
6409
6411
6415
6417
6422
6423
6425
6426
6429
6430
6431
6447
6463
6470
6474
6476
6482
6483
6484
6486
6487
6491
6495
6499
6501
6507
6509
6510
6517
6519
6524
6526
6529
6530
6538
6542
6544
6549
6550
6554
6556
6561
6564
6572
6578
6585
6589
6601
6603
6606
6612
6614
6616
6617
6620
6630
6634
6636
6642
6643
6645
6646
6648
6649
6655
6657
6658
6671
6672
6675
6676
6679
6686
6693
6698
6704
6705
6720
6724
6726
6727
6729
6732
6736
6739
6740
6742
6744
6746
6747
6748
6760
6761
6763
6767
6768
6770
6773
6779
6784
6787
6789
6790
6795
6797
6798
6800
6802
6806
6807
6808
6809
6810
6814
6819
6822
6826
6834
6838
6840
6843
6845
6846
6847
6848
6853
6857
6859
6861
6862
6864
6867
6870
6877
6879
6881
6882
6886
6892
6895
6902
6903
6905
6906
6907
6912
6915
6925
6928
6934
6935
6939
6944
6948
6949
6952
6953
6954
6957
6961
6962
6969
6970
6973
6974
6977
6980
6983
6986
6988
6992
6996
7003
7006
7007
7013
7014
7017
7018
7026
7029
7032
7038
7040
7042
7043
7044
7045
7048
7049
7053
7060
7061
7062
7064
7065
7069
7078
7080
7081
7083
7084
7087
7094
7099
7104
7109
7111
7114
7117
7119
7123
7124
7126
7128
7129
7132
7133
7137
7138
7141
7147
7153
7155
7159
7170
7171
7174
7177
7183
7186
7190
7191
7194
7198
7201
7208
7209
7212
7217
7218
7219
7223
7227
7231
7233
7240
7245
7252
7253
7256
7257
7262
7263
7264
7266
7269
7277
7286
7289
7296
7300
7303
7306
7307
7309
7310
7312
7314
7322
7328
7329
7332
7338
7342
7343
7344
7345
7353
7354
7355
7356
7357
7358
7360
7366
7370
7373
7374
7378
7379
7381
7385
7387
7390
7392
7393
7394
7405
7409
7410
7412
7415
7419
7422
7423
7427
7431
7432
7437
7441
7443
7445
7446
7447
7449
7451
7453
7456
7457
7459
7460
7461
7464
7475
7476
7477
7478
7479
7486
7487
7497
7507
7508
7509
7510
7513
7515
7517
7521
7525
7528
7529
7531
7539
7540
7541
7542
7543
7552
7553
7559
7567
7571
7572
7576
7577
7581
7583
7584
7586
7587
7589
7591
7592
7593
7600
7607
7609
7620
7631
7633
7634
7635
7640
7641
7643
7645
7649
7657
7659
7662
7663
7664
7668
7676
7677
7687
7694
7695
7699
7700
7701
7705
7706
7707
7710
7717
7719
7723
7725
7726
7730
7731
7732
7733
7734
7738
7743
7746
7748
7749
7755
7768
7769
7771
7772
7774
7778
7793
7801
7808
7811
7812
7813
7814
7815
7816
7817
7830
7831
7832
7838
7839
7840
7841
7842
7844
7845
7848
7850
7851
7860
7867
7869
7870
7873
7874
7880
7883
7888
7895
7898
7901
7902
7904
7917
7921
7924
7925
7928
7930
7932
7937
7942
7948
7949
7950
7955
7957
7959
7960
7964
7968
7969
7973
7975
7979
7982
7984
7985
7994
7999
8000
8003
8004
8005
8007
8012
8016
8017
8018
8019
8023
8025
8029
8031
8034
8035
8037
8040
8041
8048
8050
8051
8054
8058
8061
8063
8068
8072
8074
8075
8076
8078
8079
8083
8087
8088
8090
8097
8098
8102
8104
8110
8111
8112
8116
8117
8118
8119
8121
8124
8133
8136
8138
8140
8143
8145
8146
8148
8151
8155
8157
8158
8159
8160
8161
8162
8169
8187
8191
8193
8196
8197
8204
8205
8208
8209
8213
8214
8215
8216
8217
8218
8221
8224
8226
8228
8246
8247
8251
8252
8253
8255
8260
8263
8270
8272
8274
8275
8276
8277
8278
8280
8286
8290
8291
8292
8293
8302
8305
8306
8309
8315
8319
8320
8322
8328
8329
8330
8339
8341
8351
8354
8359
8363
8364
8367
8374
8383
8392
8393
8394
8395
8399
8404
8407
8408
8418
8422
8424
8430
8431
8435
8438
8439
8441
8444
8447
8448
8454
8456
8457
8458
8459
8461
8464
8467
8468
8470
8471
8472
8474
8476
8478
8489
8490
8491
8494
8499
8500
8501
8505
8506
8509
8515
8516
8519
8524
8527
8530
8532
8535
8542
8543
8552
8554
8560
8561
8565
8569
8570
8571
8574
8576
8579
8581
8585
8588
8589
8590
8591
8592
8599
8601
8612
8616
8621
8629
8636
8640
8647
8649
8651
8654
8662
8665
8666
8668
8669
8670
8674
8675
8678
8681
8683
8684
8687
8688
8690
8691
8694
8697
8700
8704
8707
8712
8714
8717
8723
8727
8729
8733
8738
8739
8754
8755
8756
8761
8763
8765
8767
8772
8775
8777
8778
8780
8785
8786
8788
8790
8793
8794
8797
8798
8810
8813
8814
8817
8818
8820
8821
8825
8827
8828
8836
8843
8844
8845
8847
8850
8857
8865
8871
8878
8881
8883
8885
8886
8888
8889
8895
8898
8901
8902
8904
8914
8919
8920
8925
8931
8932
8934
8937
8939
8942
8944
8950
8953
8954
8958
8963
8965
8969
8970
8973
8976
8981
8989
8990
8994
8998
8999
9001
9004
9010
9014
9016
9024
9025
9028
9034
9040
9042
9048
9051
9058
9059
9064
9065
9066
9072
9073
9075
9080
9081
9086
9091
9100
9101
9102
9103
9109
9113
9116
9118
9124
9127
9128
9130
9133
9135
9144
9145
9149
9156
9161
9162
9165
9170
9174
9184
9190
9191
9192
9193
9194
9195
9197
9203
9207
9209
9217
9221
9223
9224
9226
9227
9234
9235
9236
9240
9244
9245
9246
9249
9254
9258
9259
9264
9269
9270
9274
9276
9277
9279
9281
9284
9288
9291
9292
9299
9302
9304
9313
9318
9319
9323
9327
9329
9331
9333
9338
9340
9341
9343
9347
9358
9359
9361
9362
9367
9368
9372
9373
9390
9393
9396
9397
9399
9407
9408
9411
9417
9420
9425
9427
9441
9442
9444
9446
9451
9454
9458
9459
9461
9464
9465
9474
9476
9486
9487
9489
9490
9493
9494
9496
9505
9506
9511
9512
9516
9517
9518
9519
9521
9522
9525
9531
9535
9537
9538
9541
9542
9546
9548
9551
9555
9556
9561
9563
9564
9567
9569
9570
9571
9572
9586
9587
9588
9593
9601
9603
9604
9606
9607
9608
9609
9615
9616
9621
9623
9624
9625
9633
9638
9641
9642
9648
9649
9650
9651
9663
9664
9666
9669
9670
9672
9673
9675
9676
9678
9683
9685
9687
9692
9698
9699
9703
9707
9709
9711
9714
9716
9719
9720
9723
9725
9726
9729
9733
9734
9735
9740
9741
9742
9743
9746
9748
9753
9754
9760
9762
9764
9769
9772
9777
9782
9783
9784
9785
9786
9787
9792
9797
9801
9804
9807
9817
9819
9822
9824
9826
9829
9836
9838
9839
9840
9842
9843
9847
9851
9852
9853
9857
9859
9860
9868
9869
9874
9875
9878
9879
9880
9891
9892
9895
9897
9901
9907
9910
9913
9914
9925
9927
9930
9943
9955
9956
9958
9962
9964
9965
9966
9967
9972
9974
9975
9977
9980
9981
9983
9984
9986
9989
9990
9997
10006
10007
10008
10016
10023
10025
10028
10035
10038
10041
10046
10047
10053
10060
10062
10065
10068
10069
10072
10082
10083
10086
10087
10088
10089
10091
10092
10093
10094
10095
10098
10101
10104
10106
10108
10109
10112
10113
10114
10125
10127
10128
10133
10134
10141
10143
10144
10146
10148
10150
10152
10154
10155
10157
10161
10166
10171
10172
10179
10180
10185
10186
10188
10189
10193
10199
10202
10207
10212
10216
10225
10233
10237
10240
10245
10251
10252
10253
10254
10261
10272
10280
10284
10286
10287
10288
10297
10301
10303
10304
10305
10308
10309
10312
10317
10326
10328
10334
10335
10336
10338
10339
10340
10343
10345
10346
10348
10350
10351
10357
10361
10362
10363
10364
10366
10367
10368
10369
10374
10382
10385
10397
10398
10399
10404
10405
10406
10407
10411
10413
10414
10416
10417
10421
10428
10432
10435
10438
10441
10444
10449
10453
10461
10465
10467
10469
10471
10476
10477
10479
10483
10484
10506
10507
10512
10513
10516
10517
10520
10522
10527
10530
10534
10543
10545
10548
10549
10553
10560
10562
10571
10578
10580
10584
10586
10591
10597
10604
10605
10608
10609
10615
10616
10619
10623
10631
10632
10635
10636
10646
10648
10653
10655
10657
10666
10672
10673
10674
10681
10694
10696
10698
10699
10702
10703
10712
10713
10723
10725
10726
10732
10734
10741
10742
10744
10745
10746
10750
10753
10754
10757
10758
10767
10772
10777
10779
10780
10783
10785
10786
10792
10793
10797
10803
10807
10811
10812
10816
10818
10823
10824
10827
10828
10831
10837
10840
10841
10842
10843
10848
10849
10866
10868
10869
10870
10872
10874
10875
10876
10878
10888
10889
10891
10896
10901
10904
10906
10914
10919
10924
10925
10930
10931
10932
10933
10934
10939
10942
10946
10949
10950
10951
10957
10962
10963
10964
10968
10977
10980
10988
10991
11010
11014
11018
11020
11023
11032
11036
11038
11039
11040
11043
11044
11046
11051
11052
11056
11058
11062
11069
11075
11077
11082
11084
11085
11088
11090
11094
11096
11097
11098
11105
11108
11109
11111
11114
11117
11120
11125
11131
11134
11138
11141
11146
11149
11158
11163
11167
11170
11175
11182
11183
11184
11187
11191
11197
11200
11201
11204
11206
11207
11210
11211
11214
11215
11217
11218
11219
11222
11224
11226
11233
11240
11243
11246
11256
11258
11259
11260
11261
11267
11268
11272
11273
11292
11297
11298
11300
11302
11308
11309
11313
11320
11321
11327
11333
11334
11336
11339
11342
11346
11350
11355
11356
11358
11359
11361
11363
11367
11370
11372
11373
11374
11375
11381
11383
11384
11385
11388
11392
11395
11396
11399
11402
11405
11406
11417
11418
11419
11420
11421
11422
11427
11428
11429
11431
11433
11434
11435
11438
11439
11440
11449
11450
11451
11452
11458
11460
11462
11474
11479
11482
11483
11484
11489
11490
11491
11493
11494
11498
11500
11502
11508
11509
11511
11512
11514
11515
11516
11519
11522
11529
11530
11535
11536
11539
11540
11542
11543
11544
11545
11555
11561
11564
11572
11576
11578
11579
11583
11586
11588
11592
11594
11597
11600
11603
11604
11607
11608
11609
11619
11622
11624
11627
11638
11639
11644
11650
11652
11653
11654
11655
11661
11662
11670
11671
11672
11674
11680
11681
11689
11691
11693
11694
11698
11699
11705
11713
11715
11722
11727
11728
11729
11731
11733
11734
11735
11737
11749
11751
11753
11754
11758
11761
11768
11772
11773
11775
11776
11778
11781
11785
11789
11790
11791
11792
11795
11796
11807
11809
11810
11817
11824
11832
11834
11839
11842
11843
11847
11850
11853
11855
11863
11864
11869
11873
11875
11878
11881
11883
11884
11886
11888
11890
11895
11897
11898
11902
11911
11913
11914
11915
11917
11920
11925
11929
11933
11934
11935
11937
11944
11945
11946
11947
11952
11954
11959
11962
11968
11969
11979
11980
11983
11999
12011
12013
12016
12020
12021
12022
12025
12027
12035
12037
12044
12045
12046
12053
12057
12058
12063
12064
12066
12067
12069
12070
12073
12074
12078
12079
12080
12082
12090
12092
12096
12099
12104
12110
12115
12116
12117
12121
12131
12136
12137
12139
12140
12146
12149
12150
12156
12161
12163
12164
12170
12171
12172
12179
12180
12182
12184
12197
12204
12209
12211
12212
12215
12220
12224
12225
12229
12231
12233
12238
12242
12244
12245
12246
12254
12256
12260
12264
12265
12266
12268
12270
12274
12276
12278
12282
12288
12289
12291
12294
12305
12306
12313
12314
12315
12320
12330
12335
12337
12339
12344
12345
12350
12360
12366
12368
12369
12373
12375
12380
12386
12388
12391
12392
12394
12404
12406
12407
12411
12412
12415
12416
12418
12419
12423
12427
12432
12436
12441
12443
12450
12455
12465
12469
12473
12476
12477
12481
12483
12486
12490
12492
12494
12498
12500
12501
12502
12508
12509
12510
12516
12525
12527
12530
12531
12542
12543
12546
12553
12556
12559
12562
12570
12571
12572
12574
12575
12576
12582
12586
12588
12599
12600
12602
12605
12607
12610
12613
12615
12616
12618
12619
12620
12629
12635
12638
12644
12648
12654
12661
12663
12671
12673
12675
12680
12682
12683
12684
12685
12687
12692
12693
12694
12697
12698
12700
12705
12707
12709
12714
12716
12720
12721
12723
12724
12728
12732
12735
12743
12744
12749
12751
12752
12754
12759
12766
12767
12772
12777
12779
12787
12788
12790
12793
12797
12798
12802
12804
12808
12811
12815
12817
12824
12825
12826
12833
12835
12836
12838
12839
12845
12846
12849
12852
12854
12859
12862
12864
12866
12870
12875
12876
12877
12878
12882
12884
12886
12889
12893
12895
12903
12906
12915
12923
12924
12927
12928
12929
12934
12937
12939
12940
12942
12945
12946
12948
12950
12966
12970
12974
12980
12981
12983
12984
12985
12987
12992
12994
13004
13005
13006
13012
13017
13018
13021
13022
13026
13027
13030
13031
13032
13035
13043
13049
13050
13051
13055
13057
13058
13060
13063
13065
13066
13067
13082
13083
13086
13091
13096
13097
13110
13114
13118
13123
13126
13133
13142
13143
13144
13153
13155
13162
13173
13176
13178
13180
13186
13189
13190
13192
13193
13196
13198
13199
13200
13202
13212
13214
13215
13218
13235
13243
13244
13247
13255
13256
13259
13260
13261
13266
13267
13268
13269
13273
13274
13275
13280
13284
13285
13288
13292
13294
13296
13301
13303
13306
13307
13308
13309
13313
13314
13317
13321
13322
13325
13326
13327
13328
13332
13336
13341
13343
13348
13350
13352
13355
13356
13363
13364
13366
13367
13368
13371
13372
13376
13377
13378
13380
13381
13384
13387
13388
13392
13393
13396
13399
13405
13409
13410
13412
13415
13423
13424
13431
13433
13434
13436
13443
13445
13458
13466
13472
13475
13482
13483
13485
13491
13492
13494
13498
13504
13505
13506
13516
13517
13521
13524
13527
13528
13532
13536
13548
13549
13551
13554
13555
13556
13563
13565
13569
13571
13573
13574
13576
13579
13584
13589
13593
13597
13601
13608
13612
13614
13615
13617
13618
13623
13624
13629
13633
13634
13640
13647
13652
13656
13657
13662
13665
13667
13669
13676
13680
13681
13682
13687
13688
13693
13694
13699
13700
13702
13712
13724
13728
13729
13731
13737
13740
13742
13743
13755
13756
13769
13774
13775
13777
13779
13780
13790
13791
13794
13796
13799
13800
13803
13806
13807
13811
13812
13813
13818
13821
13824
13825
13828
13829
13831
13835
13838
13839
13840
13842
13843
13849
13850
13851
13852
13853
13858
13861
13882
13885
13887
13889
13891
13897
13908
13911
13912
13917
13920
13924
13931
13936
13942
13943
13948
13951
13959
13960
13964
13968
13970
13975
13978
13989
13990
13992
14007
14013
14014
14016
14022
14023
14031
14036
14048
14053
14054
14055
14062
14066
14067
14075
14079
14081
14085
14092
14094
14099
14100
14103
14105
14108
14109
14112
14116
14117
14128
14130
14134
14137
14138
14139
14142
14145
14147
14149
14150
14152
14154
14162
14163
14164
14173
14175
14179
14182
14183
14186
14192
14194
14199
14206
14207
14208
14209
14212
14213
14215
14220
14223
14224
14229
14230
14231
14234
14236
14239
14240
14244
14249
14257
14260
14268
14269
14271
14273
14275
14276
14277
14279
14280
14282
14285
14287
14294
14295
14307
14309
14312
14313
14316
14318
14321
14324
14326
14327
14329
14332
14335
14337
14344
14346
14348
14350
14352
14355
14358
14360
14363
14373
14376
14377
14382
14387
14396
14401
14402
14403
14404
14411
14412
14417
14420
14421
14427
14428
14429
14430
14432
14435
14439
14443
14445
14450
14452
14454
14458
14466
14467
14468
14469
14472
14474
14480
14484
14494
14500
14501
14503
14505
14506
14508
14510
14511
14516
14518
14520
14523
14524
14533
14538
14540
14545
14547
14552
14553
14556
14560
14563
14564
14566
14572
14573
14581
14582
14585
14588
14594
14595
14601
14603
14604
14605
14609
14613
14623
14624
14636
14637
14642
14645
14648
14649
14659
14662
14663
14664
14669
14673
14675
14676
14677
14678
14679
14682
14683
14686
14688
14690
14692
14699
14702
14703
14707
14710
14714
14715
14718
14719
14720
14721
14722
14724
14725
14736
14739
14742
14743
14746
14749
14751
14754
14765
14769
14776
14783
14791
14798
14803
14810
14812
14814
14820
14823
14827
14830
14832
14833
14839
14845
14849
14850
14852
14856
14857
14867
14873
14876
14877
14879
14882
14885
14886
14890
14891
14892
14894
14897
14901
14906
14909
14917
14918
14921
14923
14924
14930
14934
14941
14942
14944
14945
14950
14951
14953
14957
14960
14961
14963
14965
14967
14969
14970
14971
14973
14974
14978
14980
14982
14983
14984
14986
14988
14991
14992
14995
14997
14999
15001
15002
15007
15011
15019
15022
15025
15027
15029
15034
15036
15037
15039
15042
15043
15046
15047
15056
15058
15062
15064
15066
15068
15075
15077
15080
15081
15082
15086
15089
15091
15097
15099
15102
15103
15104
15109
15112
15114
15116
15122
15123
15125
15126
15128
15131
15135
15139
15140
15143
15150
15151
15159
15161
15171
15172
15176
15178
15180
15181
15189
15192
15198
15200
15204
15208
15210
15211
15214
15220
15230
15231
15234
15235
15240
15245
15249
15252
15255
15260
15262
15267
15268
15273
15276
15282
15285
15290
15296
15298
15299
15300
15302
15303
15310
15316
15318
15319
15327
15331
15332
15333
15334
15336
15340
15341
15343
15345
15346
15347
15354
15355
15357
15362
15363
15366
15368
15372
15373
15378
15384
15392
15394
15397
15403
15405
15410
15411
15415
15416
15423
15425
15429
15432
15435
15440
15441
15442
15445
15447
15449
15452
15454
15455
15458
15459
15462
15463
15464
15465
15468
15469
15472
15476
15478
15480
15494
15497
15500
15501
15502
15503
15505
15507
15519
15520
15521
15522
15526
15527
15532
15538
15541
15543
15546
15547
15548
15550
15551
15552
15553
15554
15558
15560
15565
15567
15569
15571
15576
15577
15579
15581
15583
15586
15587
15589
15590
15593
15595
15596
15598
15604
15605
15610
15611
15612
15619
15621
15624
15626
15627
15631
15633
15635
15644
15646
15652
15653
15655
15656
15660
15663
15669
15670
15671
15673
15676
15678
15682
15684
15689
15698
15707
15709
15710
15711
15712
15721
15725
15730
15731
15733
15736
15738
15740
15741
15744
15745
15747
15753
15754
15757
15759
15763
15764
15766
15767
15771
15776
15785
15786
15791
15796
15801
15809
15814
15817
15818
15819
15820
15821
15823
15824
15826
15837
15843
15844
15850
15852
15859
15863
15864
15868
15870
15873
15874
15877
15882
15886
15888
15894
15898
15900
15901
15903
15906
15907
15910
15914
15915
15916
15919
15920
15924
15930
15932
15937
15938
15939
15941
15944
15947
15952
15955
15956
15957
15960
15961
15965
15967
15970
15971
15976
15977
15982
15983
15989
15993
15995
16004
16007
16008
16010
16017
16020
16022
16028
16032
16047
16051
16052
16053
16055
16061
16062
16063
16066
16067
16075
16082
16091
16092
16102
16108
16109
16110
16111
16114
16115
16117
16122
16123
16126
16131
16133
16134
16135
16136
16140
16141
16143
16146
16147
16150
16152
16153
16157
16160
16161
16164
16166
16170
16172
16173
16176
16177
16181
16185
16186
16192
16194
16198
16199
16202
16208
16209
16211
16214
16215
16219
16224
16231
16234
16237
16239
16241
16242
16244
16245
16247
16248
16251
16252
16253
16255
16256
16269
16270
16271
16272
16280
16285
16290
16291
16293
16294
16296
16297
16302
16305
16306
16319
16320
16328
16333
16338
16340
16343
16344
16346
16348
16352
16355
16356
16357
16360
16362
16367
16368
16372
16378
16385
16386
16388
16390
16401
16404
16407
16408
16409
16411
16413
16414
16415
16418
16420
16421
16425
16427
16430
16431
16433
16434
16436
16443
16449
16451
16456
16458
16459
16463
16465
16467
16481
16483
16489
16492
16495
16496
16497
16499
16504
16505
16507
16508
16512
16513
16519
16520
16521
16522
16524
16525
16528
16532
16534
16535
16539
16542
16543
16546
16547
16554
16555
16556
16558
16562
16563
16566
16567
16570
16575
16576
16578
16580
16581
16588
16592
16595
16599
16600
16601
16603
16604
16605
16607
16613
16620
16626
16630
16631
16632
16635
16643
16644
16646
16648
16653
16656
16657
16660
16661
16662
16664
16668
16671
16672
16677
16681
16686
16690
16692
16694
16695
16703
16704
16705
16707
16719
16723
16727
16731
16732
16738
16740
16741
16742
16743
16745
16746
16750
16751
16754
16760
16762
16765
16768
16771
16779
16790
16792
16794
16795
16803
16804
16809
16812
16815
16818
16819
16820
16829
16831
16839
16841
16843
16845
16846
16847
16850
16852
16856
16857
16864
16865
16871
16877
16879
16881
16885
16886
16887
16888
16889
16893
16895
16898
16900
16902
16906
16908
16910
16911
16912
16923
16925
16931
16936
16937
16939
16947
16953
16957
16958
16961
16965
16967
16970
16971
16974
16979
16988
16989
16990
16991
16992
16993
17002
17008
17011
17013
17018
17025
17026
17027
17029
17035
17037
17038
17039
17044
17047
17051
17056
17058
17067
17074
17077
17081
17085
17090
17097
17100
17107
17110
17121
17125
17126
17127
17134
17136
17142
17146
17149
17157
17158
17161
17162
17173
17183
17184
17191
17193
17194
17199
17205
17206
17209
17215
17220
17221
17224
17225
17234
17239
17245
17250
17252
17253
17257
17267
17269
17270
17275
17276
17278
17282
17283
17286
17291
17292
17293
17295
17303
17305
17307
17308
17311
17313
17315
17316
17318
17319
17320
17324
17329
17331
17338
17339
17344
17345
17347
17348
17349
17354
17356
17366
17368
17375
17377
17379
17385
17389
17391
17395
17403
17405
17410
17412
17414
17419
17420
17421
17423
17432
17434
17435
17438
17439
17441
17442
17445
17449
17450
17454
17457
17458
17463
17464
17466
17472
17473
17474
17476
17485
17488
17493
17494
17496
17505
17510
17515
17522
17525
17529
17531
17536
17537
17540
17544
17549
17550
17552
17556
17558
17559
17560
17562
17574
17575
17586
17587
17588
17589
17590
17595
17596
17598
17599
17610
17611
17617
17620
17621
17623
17628
17638
17646
17649
17650
17652
17657
17662
17667
17670
17672
17675
17677
17678
17680
17682
17685
17686
17688
17690
17696
17698
17700
17701
17702
17705
17706
17711
17715
17716
17717
17718
17720
17721
17723
17726
17728
17730
17735
17741
17749
17752
17753
17755
17756
17757
17759
17765
17768
17772
17773
17774
17778
17783
17784
17792
17793
17794
17797
17800
17801
17805
17807
17808
17809
17812
17816
17819
17820
17822
17827
17831
17832
17837
17838
17839
17842
17845
17847
17849
17851
17852
17854
17858
17860
17861
17865
17874
17876
17879
17880
17883
17885
17887
17888
17891
17893
17894
17912
17914
17915
17916
17918
17925
17931
17933
17939
17943
17948
17953
17954
17955
17958
17960
17961
17962
17966
17968
17969
17970
17974
17975
17977
17978
17983
17984
17985
17989
17996
18006
18007
18009
18014
18015
18017
18021
18025
18027
18028
18032
18037
18041
18042
18045
18046
18051
18052
18055
18056
18058
18062
18072
18078
18087
18088
18092
18093
18094
18095
18097
18098
18100
18103
18112
18115
18128
18130
18134
18136
18138
18139
18140
18143
18144
18145
18150
18153
18155
18156
18157
18160
18162
18163
18170
18179
18184
18187
18189
18190
18191
18193
18195
18196
18198
18208
18216
18219
18220
18226
18235
18242
18244
18246
18247
18248
18250
18251
18252
18254
18259
18269
18273
18274
18276
18277
18278
18279
18280
18284
18285
18289
18292
18293
18294
18305
18307
18309
18310
18312
18319
18320
18322
18330
18332
18334
18338
18339
18342
18343
18347
18354
18355
18357
18358
18364
18368
18369
18380
18383
18390
18392
18398
18400
18403
18404
18410
18418
18420
18423
18426
18427
18428
18430
18433
18436
18439
18442
18446
18448
18449
18450
18451
18460
18464
18467
18468
18469
18471
18478
18484
18486
18489
18491
18492
18495
18497
