6
18
21
24
31
33
35
43
46
60
63
68
69
72
85
93
94
106
139
146
153
162
170
176
188
190
208
213
215
217
248
250
254
259
269
284
303
321
328
329
330
345
373
378
383
384
386
394
402
404
405
406
407
410
416
427
432
435
438
444
450
461
465
467
480
484
492
498
508
515
518
526
536
538
539
546
557
561
571
612
623
624
626
642
645
652
673
682
690
691
697
706
724
726
730
763
764
774
789
796
804
809
813
824
828
829
831
837
847
851
855
870
872
875
876
888
893
894
901
902
906
907
924
929
936
937
938
940
984
993
1001
1019
1020
1024
1026
1032
1047
1051
1054
1055
1071
1072
1093
1096
1101
1103
1105
1111
1120
1123
1126
1128
1129
1130
1135
1145
1146
1153
1154
1161
1179
1181
1182
1188
1196
1202
1210
1218
1225
1229
1231
1234
1251
1254
1263
1270
1273
1282
1287
1300
1302
1304
1308
1319
1330
1332
1333
1356
1357
1390
1391
1400
1405
1413
1414
1416
1423
1424
1427
1428
1451
1453
1458
1460
1471
1481
1488
1490
1494
1496
1501
1502
1511
1530
1531
1543
1545
1554
1559
1572
1576
1580
1590
1613
1621
1637
1639
1640
1641
1662
1663
1672
1679
1680
1682
1691
1709
1727
1744
1751
1784
1793
1800
1816
1822
1827
1832
1847
1848
1853
1864
1868
1872
1874
1876
1885
1886
1893
1897
1903
1910
1916
1919
1922
1930
1945
1958
2002
2003
2004
2006
2016
2021
2026
2027
2029
2044
2083
2090
2095
2121
2124
2125
2128
2129
2130
2135
2147
2150
2167
2179
2180
2184
2189
2197
2198
2200
2207
2209
2220
2226
2231
2253
2254
2255
2257
2260
2271
2286
2290
2293
2297
2299
2303
2317
2351
2355
2364
2365
2366
2375
2391
2400
2429
2436
2437
2458
2461
2484
2490
2497
2501
2526
2528
2530
2536
2537
2544
2559
2569
2570
2571
2576
2583
2586
2594
2599
2608
2612
2621
2623
2625
2638
2644
2646
2647
2662
2665
2675
2676
2692
2693
2711
2713
2714
2722
2738
2747
2755
2758
2760
2762
2763
2776
2780
2784
2797
2799
2803
2805
2812
2823
2833
2836
2843
2844
2860
2883
2889
2895
2896
2897
2907
2909
2919
2924
2926
2936
2942
2957
2958
2959
2965
2969
2976
2977
2982
2995
3003
3005
3010
3017
3021
3025
3028
3029
3052
3055
3056
3062
3072
3083
3086
3090
3096
3097
3109
3112
3133
3157
3189
3199
3203
3205
3213
3226
3240
3242
3245
3251
3256
3269
3273
3299
3311
3312
3317
3323
3328
3330
3333
3340
3342
3374
3382
3387
3388
3393
3399
3400
3408
3410
3424
3430
3441
3455
3471
3480
3489
3496
3507
3522
3534
3535
3546
3619
3620
3622
3626
3627
3630
3631
3632
3636
3640
3661
3685
3691
3702
3713
3715
3754
3767
3778
3779
3781
3786
3794
3797
3822
3832
3854
3865
3867
3871
3879
3890
3893
3898
3916
3939
3942
3949
3962
3967
3988
3989
4002
4005
4022
4025
4027
4049
4051
4069
4071
4074
4085
4117
4124
4128
4129
4141
4150
4157
4169
4174
4179
4182
4187
4189
4192
4201
4207
4209
4216
4221
4230
4240
4246
4253
4263
4267
4282
4293
4295
4297
4299
4303
4312
4318
4321
4328
4335
4342
4346
4351
4354
4356
4358
4369
4381
4393
4408
4419
4432
4439
4440
4444
4446
4456
4462
4463
4468
4469
4475
4482
4495
4500
4508
4519
4525
4526
4529
4541
4554
4562
4563
4571
4578
4589
4592
4598
4607
4611
4624
4639
4664
4665
4670
4684
4694
4699
4702
4707
4712
4714
4735
4736
4740
4761
4762
4767
4779
4782
4788
4790
4802
4806
4824
4828
4832
4861
4862
4876
4903
4912
4916
4919
4925
4933
4954
4971
4974
4986
4987
4989
5001
5023
5027
5039
5040
5061
5079
5082
5084
5086
5091
5100
5106
5119
5122
5130
5142
5144
5145
5155
5162
5163
5172
5175
5177
5189
5218
5224
5227
5229
5232
5234
5243
5246
5259
5262
5277
5279
5300
5305
5311
5312
5316
5325
5332
5336
5347
5348
5370
5381
5383
5384
5390
5399
5418
5420
5428
5431
5437
5451
5456
5470
5474
5486
5517
5524
5525
5535
5537
5540
5548
5550
5551
5558
5560
5563
5564
5568
5584
5594
5605
5613
5621
5623
5629
5632
5638
5649
5655
5657
5669
5672
5690
5713
5724
5728
5731
5733
5738
5748
5750
5752
5760
5764
5778
5783
5792
5797
5814
5815
5822
5824
5829
5840
5842
5850
5856
5872
5873
5878
5884
5893
5895
5899
5901
5912
5914
5963
5969
5972
5978
5987
5997
6011
6014
6015
6023
6030
6043
6055
6086
6098
6103
6111
6131
6133
6146
6155
6157
6163
6169
6181
6188
6196
6214
6220
6224
6253
6256
6268
6280
6285
6296
6298
6300
6301
6308
6312
6313
6321
6356
6357
6363
6373
6379
6390
6409
6413
6418
6421
6442
6445
6448
6453
6457
6461
6466
6468
6483
6499
6504
6505
6508
6509
6513
6515
6520
6525
6538
6539
6540
6558
6563
6577
6588
6602
6623
6653
6674
6675
6681
6683
6687
6695
6699
6711
6715
6718
6721
6730
6735
6740
6782
6787
6792
6809
6814
6817
6829
6834
6841
6842
6850
6858
6860
6869
6870
6871
6884
6886
6897
6902
6903
6907
6910
6925
6940
6952
6966
6970
6993
7001
7010
7022
7039
7046
7053
7055
7061
7065
7069
7076
7078
7082
7084
7089
7093
7123
7125
7126
7138
7143
7156
7162
7163
7164
7168
7170
7175
7177
7183
7185
7187
7188
7199
7215
7224
7230
7233
7240
7241
7243
7245
7247
7250
7254
7261
7265
7268
7269
7292
7295
7296
7298
7301
7329
7332
7340
7343
7345
7368
7370
7384
7386
7390
7396
7405
7408
7410
7411
7418
7427
7429
7448
7456
7472
7474
7479
7493
7502
7508
7514
7516
7537
7539
7541
7547
7556
7559
7565
7588
7600
7610
7611
7641
7644
7652
7658
7682
7684
7699
7703
7710
7730
7743
7748
7764
7767
7772
7784
7785
7789
7795
7802
7805
7809
7819
7835
7838
7840
7845
7852
7858
7860
7862
7872
7877
7894
7904
7907
7923
7931
7935
7938
7941
7956
7962
7973
7979
7982
7984
7990
7992
7994
7998
8012
8021
8027
8034
8037
8039
8043
8048
8057
8082
8087
8094
8096
8110
8112
8124
8128
8136
8140
8156
8159
8161
8172
8195
8198
8199
8200
8215
8216
8225
8237
8244
8245
8247
8257
8261
8278
8279
8286
8292
8298
8302
8306
8325
8328
8339
8363
8368
8373
8381
8391
8393
8417
8432
8444
8452
8457
8476
8479
8483
8484
8497
8503
8516
8535
8538
8549
8556
8558
8562
8569
8576
8577
8598
8610
8619
8625
8647
8649
8653
8655
8667
8669
8673
8674
8695
8704
8712
8718
8722
8733
8735
8747
8750
8754
8780
8784
8786
8792
8796
8808
8809
8816
8825
8833
8841
8843
8857
8867
8869
8881
8883
8886
8907
8921
8922
8924
8930
8940
8952
8958
8980
8990
8992
8996
9027
9033
9035
9039
9043
9060
9067
9074
9086
9088
9091
9093
9102
9103
9104
9115
9117
9120
9125
9137
9142
9145
9148
9152
9159
9165
9185
9213
9222
9237
9238
9239
9241
9243
9245
9248
9252
9254
9259
9263
9291
9293
9295
9297
9301
9309
9311
9317
9334
9342
9343
9344
9352
9357
9370
9380
9398
9410
9412
9424
9432
9453
9458
9477
9482
9491
9494
9503
9504
9506
9514
9531
9541
9551
9552
9565
9569
9574
9580
9608
9611
9617
9633
9637
9654
9660
9674
9678
9679
9696
9720
9732
9734
9736
9743
9750
9751
9760
9775
9779
9808
9809
9813
9829
9831
9833
9843
9846
9874
9884
9890
9893
9895
9898
9918
9933
9950
9952
10032
10064
10069
10073
10085
10089
10095
10096
10100
10102
10104
10109
10112
10122
10128
10143
10161
10163
10167
10186
10189
10211
10215
10217
10225
10230
10249
10251
10254
10255
10269
10272
10276
10284
10292
10298
10318
10326
10344
10345
10357
10358
10359
10382
10385
10390
10397
10402
10406
10408
10409
10426
10433
10436
10438
10439
10443
10462
10470
10475
10499
10503
10517
10537
10543
10545
10550
10562
10564
10566
10568
10573
10591
10600
10609
10612
10616
10636
10648
10676
10679
10699
10704
10724
10726
10734
10762
10767
10770
10771
10812
10819
10829
10833
10836
10837
10840
10844
10853
10866
10870
10874
10895
10906
10927
10928
10929
10937
10938
10942
10946
10950
10952
10959
10967
10970
10981
10998
11003
11004
11006
11009
11023
11026
11047
11059
11061
11073
11083
11087
11088
11089
11093
11094
11097
11100
11107
11110
11115
11122
11132
11142
11143
11170
11171
11174
11175
11180
11190
11197
11204
11225
11229
11236
11241
11265
11266
11280
11304
11311
11319
11329
11349
11353
11361
11362
11371
11373
11374
11376
11381
11386
11392
11395
11412
11415
11420
11421
11422
11426
11433
11452
11455
11459
11475
11476
11495
11513
11531
11536
11542
11548
11552
11554
11555
11570
11581
11584
11591
11594
11621
11645
11670
11675
11681
11685
11687
11692
11713
11719
11736
11750
11756
11759
11762
11767
11786
11796
11808
11813
11815
11817
11844
11846
11851
11856
11859
11860
11868
11896
11902
11904
11909
11917
11923
11924
11930
11940
11951
11959
11964
11966
11969
11974
11982
11986
11993
11996
12005
12018
12037
12042
12059
12069
12085
12088
12107
12111
12115
12120
12136
12149
12151
12154
12158
12161
12166
12169
12176
12200
12212
12225
12236
12244
12251
12258
12261
12266
12275
12276
12278
12284
12302
12308
12317
12338
12339
12355
12359
12361
12371
12382
12385
12386
12389
12391
12397
12407
12411
12413
12425
12444
12446
12447
12448
12450
12454
12475
12481
12502
12505
12509
12511
12514
12516
12518
12522
12525
12527
12537
12541
12545
12559
12560
12586
12608
12617
12621
12626
12634
12638
12644
12651
12667
12677
12701
12713
12719
12726
12740
12743
12759
12762
12770
12777
12788
12795
12796
12797
12798
12827
12837
12844
12853
12860
12864
12876
12883
12888
12891
12893
12895
12898
12906
12909
12922
12928
12931
12932
12945
12950
12951
12976
12985
12996
12998
12999
13000
13015
13028
13029
13036
13039
13043
13045
13056
13069
13074
13090
13104
13109
13110
13113
13129
13132
13142
13147
13167
13172
13178
13182
13183
13187
13194
13202
13208
13210
13212
13222
13238
13249
13297
13300
13313
13327
13339
13346
13355
13361
13368
13385
13386
13389
13395
13397
13401
13413
13414
13416
13426
13427
13428
13431
13432
13435
13436
13460
13481
13486
13488
13512
13523
13534
13541
13554
13558
13570
13576
13580
13583
13592
13594
13611
13628
13629
13645
13651
13656
13658
13685
13686
13689
13698
13703
13715
13717
13721
13735
13738
13739
13749
13757
13761
13773
13775
13795
13807
13842
13850
13857
13864
13884
13889
13899
13906
13907
13931
13933
13940
13947
13949
13956
13962
13963
13983
13988
13989
13995
14012
14018
14022
14034
14038
14040
14053
14060
14066
14068
14072
14081
14103
14107
14132
14145
14171
14183
14208
14215
14217
14221
14237
14247
14253
14268
14271
14279
14281
14288
14311
14314
14326
14327
14331
14339
14342
14355
14359
14369
14373
14379
14381
14396
14401
14406
14414
14429
14432
14446
14450
14451
14454
14464
14467
14469
14478
14481
14483
14484
14489
14493
14495
14496
14501
14503
14527
14528
14529
14539
14542
14546
14547
14551
14562
14564
14574
14580
14584
14586
14601
14606
14609
14615
14624
14647
14651
14657
14665
14668
14669
14672
14680
14697
14705
14716
14721
14736
14766
14770
14782
14791
14793
14796
14798
14800
14812
14821
14824
14841
14846
14858
14861
14866
14868
14869
14871
14878
14897
14901
14915
14920
14933
14937
14939
14942
14964
14967
14970
14982
14983
14986
14995
15001
15013
15025
15030
15034
15038
15050
15051
15055
15076
15096
15106
15117
15118
15123
15144
15145
15146
15149
15154
15156
15172
15186
15194
15201
15204
15205
15208
15219
15244
15275
15289
15304
15306
15309
15316
15317
15337
15360
15369
15370
15373
15377
15379
15381
15384
15404
15405
15423
15439
15455
15456
15469
15474
15483
15489
15495
15499
15501
15513
15515
15519
15542
15543
15547
15565
15570
15572
15573
15576
15582
15594
15598
15612
15624
15630
15638
15640
15643
15644
15651
15660
15662
15669
15673
15675
15676
15678
15682
15686
15702
15718
15720
15721
15728
15748
15749
15760
15771
15785
15786
15805
15812
15825
15832
15833
15835
15846
15859
15866
15879
15885
15888
15903
15911
15918
15932
15934
15941
15947
15979
15994
16009
16014
16022
16044
16045
16060
16064
16066
16068
16069
16070
16076
16081
16084
16092
16093
16094
16103
16112
16114
16124
16133
16140
16147
16159
16171
16175
16186
16192
16198
16207
16208
16220
16230
16234
16260
16270
16283
16299
16307
16308
16311
16319
16353
16354
16362
16366
16369
16372
16377
16389
16390
16400
16405
16406
16413
16425
16427
16439
16446
16462
16471
16484
16485
16495
16513
16516
16521
16523
16524
16541
16575
16582
16584
16593
16594
16607
16608
16609
16629
16632
16639
16644
16666
16667
16678
16691
16696
16701
16704
16706
16709
16710
16728
16736
16745
16748
16750
16759
16760
16763
16779
16798
16806
16815
16823
16827
16831
16851
16854
16864
16871
16875
16890
16891
16895
16896
16911
16925
16935
16942
16945
16962
16972
16973
16976
16990
16991
17020
17043
17047
17050
17051
17057
17058
17059
17102
17115
17118
17120
17124
17131
17140
17148
17151
17152
17164
17169
17174
17177
17187
17193
17222
17230
17233
17241
17250
17253
17296
17306
17311
17313
17320
17322
17330
17333
17336
17344
17367
17373
17375
17380
17383
17437
17442
17448
17451
17481
17496
17500
17524
17541
17547
17548
17565
17567
17570
17571
17584
17594
17598
17606
17610
17619
17644
17646
17656
17658
17671
17675
17696
17700
17723
17727
17741
17754
17763
17771
17803
17810
17845
17850
17853
17862
17865
17873
17884
17896
17900
17905
17940
17956
17963
17967
17972
17976
17977
17979
17982
17983
17989
17995
17999
18005
18050
18063
18069
18083
18096
18097
18099
18101
18109
18114
18120
18124
18130
18140
18165
18173
18181
18184
18187
18193
18205
18206
18213
18220
18226
18232
18252
18254
18258
18271
18272
18273
18281
18286
18297
18314
18325
18329
18344
18347
18353
18359
18363
18365
18372
18395
18400
18404
18411
18417
18418
18421
18443
18446
18460
18462
18471
18482
18493
18495
18496
18505
18508
18510
18511
18513
18518
18533
18544
18562
18568
18578
18581
18584
18589
18609
18622
18626
18633
18639
18642
18648
18652
18654
18665
18670
18677
18687
18688
18692
18701
18751
18758
18761
18768
18793
18804
18812
18813
18816
18827
18841
18846
18858
18859
18867
18872
18874
18876
18879
18881
18882
18885
18895
18898
18917
18932
18940
18945
18952
18965
18967
18979
18980
18988
18995
19007
19045
19051
19058
19064
19065
19087
19091
19094
19105
19112
19118
19124
19128
19135
19139
19140
19142
19143
19154
19155
19173
19178
19188
19197
19209
19212
19225
19241
19257
19259
19279
19301
19302
19316
19317
19327
19330
19334
19336
19364
19369
19373
19375
19392
19415
19419
19432
19446
19449
19459
19461
19478
19482
19487
19493
19494
19496
19498
19503
19509
19511
19513
19520
19526
19528
19532
19540
19564
19571
19581
19595
19603
19607
19615
19625
19626
19634
19637
19642
19645
19646
19647
19648
19655
19664
19686
19692
19702
19703
19705
19706
19707
19709
19724
19727
19747
19757
19758
19760
19763
19780
19786
19788
19792
19814
19831
19842
19854
19855
19863
19870
19871
19903
19912
19916
19927
19946
19948
19950
19954
19958
19969
19974
19976
19983
19993
19994
20001
20014
20016
20023
20039
20059
20062
20076
20083
20104
20111
20116
20132
20134
20145
20147
20153
20156
20159
20176
20177
20183
20189
20192
20208
20223
20228
20231
20234
20236
20254
20258
20259
20272
20278
20279
20318
20324
20328
20335
20339
20346
20366
20389
20391
20399
20408
20428
20430
20431
20433
20439
20457
20464
20469
20472
20478
20481
20511
20529
20533
20542
20550
20559
20567
20569
20571
20576
20577
20584
20588
20591
20594
20603
20610
20620
20621
20622
20644
20646
20647
20655
20665
20669
20674
20685
20702
20705
20707
20721
20726
20730
20733
20742
20748
20749
20768
20787
20813
20843
20844
20851
20854
20858
20873
20886
20893
20898
20916
20922
20923
20929
20936
20940
20943
20945
20948
20953
20959
20968
20971
20975
21000
21008
21017
21018
21020
21021
21057
21070
21083
21086
21100
21101
21104
21106
21110
21126
21130
21134
21137
21141
21143
21147
21160
21163
21164
21166
21201
21206
21211
21213
21219
21222
21224
21225
21235
21257
21261
21265
21278
21287
21293
21296
21298
21310
21314
21334
21335
21337
21344
21350
21352
21355
21359
21363
21374
21384
21406
21407
21414
21422
21435
21436
21437
21447
21448
21462
21466
21467
21482
21494
21512
21522
21535
21556
21560
21562
21574
21577
21578
21588
21591
21592
21593
21594
21601
21606
21611
21614
21617
21619
21621
21622
21625
21629
21635
21644
21653
21655
21657
21665
21666
21670
21681
21687
21697
21706
21718
21720
21733
21744
21745
21758
21759
21760
21762
21773
21780
21790
21791
21793
21800
21804
21805
21830
21835
21846
21851
21854
21861
21863
21865
21881
21888
21889
21899
21918
21922
21929
21935
21938
21942
21947
21956
21960
21965
21966
21977
21982
22004
22009
22011
22014
22028
22031
22050
22061
22068
22080
22087
22090
22093
22098
22104
22105
22110
22119
22137
22153
22189
22193
22216
22223
22226
22228
22229
22249
22281
22282
22283
22321
22346
22353
22354
22356
22360
22366
22371
22377
22401
22428
22433
22447
22469
22476
22483
22484
22485
22493
22495
22504
22509
22510
22520
22526
22530
22535
22545
22560
22565
22586
22599
22606
22629
22631
22648
22652
22655
22661
22666
22668
22670
22688
22692
22698
22707
22719
22739
22742
22756
22757
22765
22766
22778
22782
22795
22809
22813
22815
22817
22829
22834
22850
22869
22892
22894
22896
22907
22916
22918
22919
22921
22934
22940
22945
22948
22959
22963
22969
23000
23003
23007
23015
23032
23049
23058
23060
23072
23080
23082
23090
23091
23094
23097
23114
23118
23124
23137
23151
23178
23182
23196
23212
23213
23217
23218
23221
23225
23226
23234
23235
23241
23244
23246
23267
23273
23275
23280
23285
23288
23292
23295
23304
23305
23316
23317
23318
23326
23332
23333
23334
23349
23360
23361
23373
23374
23391
23428
23436
23443
23448
23452
23454
23459
23460
23463
23484
23497
23513
23518
23532
23538
23539
23544
23547
23558
23606
23607
23612
23614
23619
23620
23621
23627
23654
23667
23669
23671
23694
23703
23705
23709
23712
23713
23723
23726
23742
23764
23771
23776
23813
23818
23826
23834
23848
23861
23866
23874
23895
23896
23912
23917
23921
23927
23934
23947
23950
23957
23961
23964
23973
23979
23981
23990
24001
24012
24019
24026
24035
24047
24056
24058
24069
24072
24089
24090
24095
24098
24099
24108
24123
24132
24140
24164
24168
24174
24204
24212
24213
24215
24227
24244
24245
24250
24262
24264
24271
24274
24278
24289
24295
24304
24308
24311
24320
24338
24347
24359
24363
24367
24371
24375
24380
24381
24392
24401
24403
24409
24412
24419
24427
24431
24468
24475
24487
24493
24506
24507
24514
24515
24517
24526
24535
24542
24571
24572
24582
24593
24597
24601
24633
24638
24642
24653
24658
24664
24670
24675
24691
24696
24712
24725
24732
24748
24755
24791
24797
24801
24806
24811
24820
24834
24838
24852
24857
24867
24871
24879
24898
24903
24913
24926
24965
24982
24985
24994
24996
24999
25000
25004
25014
25019
25031
25033
25036
25051
25062
25078
25088
25113
25120
25127
25133
25134
25136
25145
25148
25216
25231
25256
25264
25265
25284
25291
25297
25305
25306
25310
25321
25324
25328
25329
25340
25345
25346
25353
25367
25371
25381
25385
25397
25410
25417
25422
25423
25432
25441
25445
25461
25488
25495
25505
25510
25519
25528
25539
25567
25571
25577
25582
25597
25614
25627
25634
25646
25649
25657
25672
25676
25683
25686
25687
25697
25708
25714
25716
25717
25719
25751
25752
25778
25789
25793
25812
25820
25826
25845
25860
25864
25866
25871
25872
25889
25890
25891
25892
25897
25906
25914
25916
25917
25919
25926
25929
25931
25947
25953
25955
25972
25978
25986
26009
26047
26063
26068
26083
26108
26145
26156
26171
26173
26185
26186
26204
26208
26247
26250
26251
26269
26270
26283
26291
26295
26300
26301
26303
26309
26317
26319
26336
26350
26360
26367
26379
26381
26387
26391
26399
26401
26402
26421
26423
26433
26442
26446
26463
26472
26479
26483
26484
26491
26500
26506
26518
26519
26524
26527
26528
26537
26554
26563
26565
26592
26595
26600
26602
26613
26616
26621
26634
26643
26647
26655
26662
26671
26672
26683
26697
26703
26704
26709
26723
26725
26732
26734
26735
26741
26745
26748
26768
26773
26775
26785
26788
26793
26798
26812
26819
26821
26830
26838
26845
26880
26886
26892
26895
26912
26924
26935
26936
26937
26948
26953
26955
26961
26975
26978
26981
26983
26990
26993
26999
27001
27002
27017
27039
27049
27074
27081
27087
27091
27098
27102
27114
27131
27134
27138
27148
27153
27158
27171
27175
27180
27181
27188
27192
27198
27201
27205
27215
27220
27221
27227
27232
27241
27243
27254
27260
27287
27288
27324
27325
27328
27332
27333
27343
27366
27379
27381
27384
27386
27387
27393
27397
27410
27415
27430
27433
27439
27450
27468
27482
27487
27499
27504
27505
27507
27508
27515
27522
27544
27551
27560
27562
27569
27577
27580
27585
27592
27594
27606
27620
27626
27648
27664
27673
27680
27709
27714
27720
27730
27737
27746
27749
27750
27755
27763
27767
27772
27779
27780
27782
27792
27804
27805
27828
27838
27840
27843
27846
27850
27862
27869
27887
27902
27905
27912
27925
27928
27957
27958
27961
27969
27971
27983
27997
28001
28007
28017
28021
28040
28042
28044
28047
28049
28055
28071
28075
28076
28084
28113
28114
28119
28122
28123
28130
28139
28159
28160
28163
28169
28176
28189
28193
28194
28197
28203
28216
28227
28232
28237
28246
28253
28261
28305
28306
28312
28316
28317
28319
28329
28330
28345
28348
28351
28358
28362
28371
28372
28374
28392
28430
28433
28468
28469
28487
28492
28502
28506
28516
28521
28535
28536
28537
28541
28547
28551
28553
28554
28558
28569
28573
28574
28584
28586
28592
28594
28595
28598
28600
28604
28617
28619
28620
28621
28628
28630
28643
28656
28661
28662
28665
28670
28671
28691
28694
28696
28705
28708
28715
28722
28724
28726
28749
28778
28780
28781
28789
28790
28796
28797
28824
28831
28832
28834
28837
28839
28850
28852
28858
28861
28865
28876
28890
28891
28893
28913
28929
28936
28945
28963
28970
28974
28979
28980
28985
28991
29019
29030
29031
29034
29041
29045
29053
29060
29066
29070
29071
29078
29094
29121
29125
29156
29160
29165
29176
29187
29206
29218
29227
29230
29237
29244
29246
29250
29263
29278
29282
29289
29306
29308
29309
29319
29320
29325
29329
29347
29348
29349
29355
29357
29362
29367
29377
29385
29388
29392
29400
29401
29432
29444
29451
29459
29467
29486
29492
29497
29505
29506
29508
29542
29543
29548
29556
29561
29572
29578
29603
29606
29612
29613
29615
29621
29625
29628
29634
29636
29654
29656
29661
29664
29674
29678
29691
29694
29710
29718
29731
29733
29734
29742
29749
29762
29766
29768
29771
29780
29787
29803
29816
29826
29837
29841
29844
29860
29870
29878
29880
29883
29887
29896
29929
29937
29950
29952
29954
29964
29980
29984
29990
30004
30005
30008
30012
30021
30023
30024
30033
30041
30047
30052
30053
30063
30078
30088
30094
30096
30102
30121
30125
30128
30131
30132
30142
30148
30162
30163
30174
30179
30201
30223
30226
30238
30242
30249
30251
30255
30256
30258
30263
30265
30267
30285
30291
30292
30296
30304
30321
30329
30340
30344
30345
30363
30388
30403
30409
30416
30417
30436
30448
30449
30456
30458
30466
30470
30471
30495
30501
30506
30534
30541
30548
30549
30561
30562
30564
30568
30571
30591
30595
30608
30609
30611
30612
30621
30626
30628
30630
30636
30644
30647
30653
30655
30658
30675
30677
30692
30694
30695
30705
30715
30749
30760
30764
30767
30782
30783
30789
30800
30816
30817
30824
30828
30830
30839
30845
30846
30851
30852
30858
30861
30862
30864
30879
30881
30883
30888
30891
30909
30916
30917
30925
30940
30975
30978
31003
31005
31011
31015
31025
31028
31038
31040
31052
31058
31088
31091
31108
31138
31140
31148
31154
31156
31163
31164
31165
31171
31181
31182
31183
31189
31194
31201
31206
31209
31214
31218
31227
31251
31253
31262
31266
31272
31279
31292
31293
31318
31321
31334
31342
31350
31364
31367
31370
31373
31381
31389
31394
31409
31421
31442
31448
31450
31464
31473
31481
31482
31486
31491
31496
31499
31510
31519
31531
31536
31550
31558
31559
31565
31577
31583
31602
31614
31633
31637
31641
31648
31650
31660
31662
31691
31700
31705
31712
31716
31728
31738
31739
31742
31745
31764
31787
31789
31823
31841
31843
31845
31857
31871
31893
31904
31908
31916
31919
31931
31933
31935
31949
31954
31958
31961
31965
31971
31976
31980
31988
31989
31992
31997
31999
32023
32031
32035
32036
32038
32053
32059
32060
32064
32068
32071
32072
32073
32075
32083
32085
32094
32103
32116
32124
32131
32134
32137
32147
32171
32172
32178
32179
32180
32190
32198
32209
32218
32224
32225
32227
32229
32243
32250
32252
32273
32275
32304
32307
32314
32315
32332
32334
32339
32372
32373
32376
32378
32400
32403
32412
32418
32419
32422
32437
32443
32459
32460
32463
32470
32480
32487
32499
32508
32515
32517
32528
32530
32532
32537
32538
32543
32549
32573
32574
32582
32587
32593
32616
32625
32628
32637
32648
32651
32666
32685
32708
32723
32724
32726
32728
32732
32737
32745
32746
32749
32767
32768
32769
32774
32780
32787
32801
32812
32815
32819
32821
32827
32841
32845
32851
32869
32876
32886
32892
32894
32899
32901
32903
32911
32913
32915
32926
32928
32945
32947
32968
32972
33002
33007
33011
33026
33036
33062
33066
33078
33080
33090
33093
33097
33106
33107
33108
33118
33124
33136
33140
33143
33146
33152
33155
33157
33169
33184
33186
33192
33194
33198
33202
33224
33227
33228
33237
33268
33269
33274
33287
33292
33294
33296
33302
33303
33309
33317
33324
33333
33339
33346
33352
33353
33374
33385
33388
33389
33391
33393
33394
33405
33423
33445
33449
33451
33453
33460
33464
33465
33473
33478
33495
33499
33505
33517
33519
33546
33557
33563
33581
33595
33600
33602
33613
33615
33625
33630
33635
33662
33663
33666
33676
33692
33696
33697
33703
33718
33720
33745
33750
33754
33761
33774
33780
33788
33790
33800
33818
33820
33821
33829
33832
33833
33835
33853
33854
33859
33870
33877
33881
33884
33894
33897
33898
33902
33926
33931
33974
33980
33994
33996
34004
34007
34014
34015
34021
34028
34061
34074
34075
34092
34103
34112
34128
34133
34135
34140
34146
34163
34181
34184
34190
34198
34226
34230
34250
34253
34256
34257
34263
34269
34279
34284
34286
34297
34299
34301
34302
34327
34339
34358
34373
34397
34401
34408
34416
34426
34428
34431
34447
34448
34456
34457
34477
34490
34495
34500
34501
34521
34524
34530
34536
34537
34543
34545
34559
34560
34577
34579
34583
34588
34591
34592
34596
34602
34603
34614
34623
34625
34636
34637
34648
34653
34655
34679
34687
34703
34711
34717
34722
34728
34736
34737
34738
34742
34762
34767
34781
34784
34788
34805
34809
34822
34827
34836
34841
34842
34848
34850
34852
34860
34876
34877
34884
34894
34895
34903
34913
34917
34926
34928
34929
34944
34955
34986
34995
35004
35005
35012
35046
35051
35052
35054
35059
35064
35072
35079
35080
35082
35096
35101
35109
35127
35140
35153
35154
35165
35169
35189
35202
35204
35218
35226
35240
35252
35258
35265
35274
35276
35289
35293
35295
35317
35321
35328
35334
35342
35345
35374
35380
35399
35409
35436
35439
35440
35444
35457
35463
35473
35485
35500
35505
35512
35519
35523
35531
35536
35551
35568
35570
35579
35586
35596
35603
35615
35617
35625
35626
35653
35678
35679
35696
35718
35723
35732
35734
35760
35762
35769
35784
35792
35795
35815
35850
35852
35853
35867
35874
35878
35888
35889
35896
35914
35916
35926
35942
35948
35953
35956
35960
35972
35977
35980
35984
35992
35997
36001
36012
36024
36046
36059
36067
36074
36077
36115
36118
36120
36130
36148
36151
36152
36158
36174
36175
36178
36179
36222
36225
36231
36234
36245
36251
36255
36256
36261
36269
36271
36274
36283
36290
36304
36322
36340
36344
36363
36367
36371
36374
36378
36392
36400
36413
36420
36422
36423
36437
36461
36463
36485
36487
36488
36505
36507
36511
36525
36530
36535
36539
36550
36552
36556
36561
36568
36588
36596
36598
36602
36607
36608
36610
36613
36662
36682
36690
36691
36701
36706
36722
36723
36726
36742
36745
36760
36765
36769
36780
36782
36785
36805
36806
36807
36811
36813
36814
36819
36825
36828
36833
36860
36862
36869
36873
36875
36877
36880
36896
36921
36933
36937
36965
36993
36999
