50
143
160
235
299
446
457
491
621
628
664
776
803
958
991
1079
1169
1190
1199
1203
1305
1406
1438
1439
1456
1491
1627
1664
1749
1766
1775
1857
1902
1915
1969
2007
2053
2057
2084
2100
2109
2138
2160
2178
2224
2227
2268
2300
2307
2361
2441
2492
2540
2631
2683
2700
2743
2813
2916
2963
3054
3180
3231
3264
3341
3344
3358
3363
3444
3461
3476
3478
3670
3712
3735
3738
3812
3828
3834
3951
3996
4059
4091
4094
4103
4104
4127
4158
4195
4213
4394
4396
4404
4481
4584
4629
4672
4700
4718
4745
4755
4760
4789
4856
4928
5078
5131
5147
5164
5196
5228
5237
5297
5356
5379
5454
5467
5490
5498
5503
5556
5579
5712
5739
5804
5818
5827
5849
5906
6007
6070
6073
6085
6093
6166
6369
6396
6417
6439
6456
6514
6542
6564
6599
6620
6663
6728
6815
6857
6976
7003
7030
7058
7090
7094
7119
7152
7173
7174
7195
7213
7259
7310
7355
7367
7392
7439
7461
7528
7662
7667
7669
7709
7716
7824
7912
8009
8054
8085
8090
8105
8125
8254
8313
8394
8436
8545
8574
8639
8644
8662
8724
8890
8943
8962
8967
9009
9061
9065
9180
9181
9189
9278
9362
9385
9393
9492
9505
9534
9535
9624
9670
9777
9778
9792
9867
10031
10108
10159
10199
10227
10238
10250
10399
10420
10453
10512
10536
10633
10670
10709
10797
10825
10826
10852
10876
11060
11209
11256
11268
11317
11360
11493
11498
11546
11580
11635
11665
11714
11717
11792
11830
11848
11850
11884
11958
11998
12004
12016
12048
12090
12104
12150
12194
12373
12375
12406
12467
12521
12533
12566
12632
12648
12665
12698
12709
12865
12914
12980
13002
13009
13019
13067
13103
13150
13241
13274
13333
13375
13447
13449
13475
13527
13533
13536
13544
13553
13635
13723
13898
13905
13922
13951
13968
14067
14092
14105
14142
14155
14177
14192
14198
14212
14239
14243
14250
14316
14354
14370
14449
14607
14618
14638
14656
14693
14741
14809
14826
14936
14990
15066
15068
15090
15104
15168
15170
15210
15272
15312
15321
15341
15487
15553
15632
15680
15753
15770
15804
15822
16059
16097
16199
16229
16241
16243
16302
16322
16417
16509
16540
16705
16716
16732
16738
16740
16753
16777
16813
16821
16850
16930
16955
16980
17011
17055
17103
17135
17331
17387
17458
17536
17544
17562
17583
17603
17637
17687
17751
17759
17765
17872
17899
17928
17938
18025
18056
18068
18142
18164
18210
18225
18290
18301
18433
18478
18499
18554
18593
18605
18691
18720
18721
18774
18833
18910
18924
18933
19015
19020
19037
19113
19203
19215
19221
19335
19386
19404
19413
19444
19569
19609
19656
19661
19731
19745
19777
19828
19909
19922
19938
19965
20002
20015
20042
20049
20179
20205
20331
20378
20402
20412
20422
20541
20765
20777
20806
20933
20986
21145
21249
21253
21369
21523
21552
21646
21649
21650
21870
21937
21995
22027
22083
22101
22116
22134
22136
22140
22158
22165
22237
22330
22358
22381
22405
22445
22556
22574
22722
22724
22758
22812
22820
22856
22871
22890
22904
22951
22992
23127
23167
23237
23300
23321
23331
23471
23477
23495
23577
23640
23704
23707
23728
23743
23748
23792
23840
23849
23884
23893
23966
23972
23994
24066
24080
24135
24162
24232
24373
24393
24415
24509
24548
24599
24635
24647
24697
24698
24718
24844
24934
24942
24944
24964
25052
25110
25119
25228
25249
25294
25386
25395
25403
25460
25471
25550
25554
25622
25816
25874
25987
26030
26040
26081
26239
26242
26267
26409
26485
26577
26632
26654
26695
26721
26730
26739
26952
26968
26973
27020
27036
27061
27106
27154
27210
27327
27329
27392
27412
27496
27570
27762
27817
27832
27854
27856
27861
27911
27940
28013
28037
28046
28072
28079
28104
28110
28124
28152
28155
28226
28268
28303
28380
28466
28489
28519
28557
28563
28610
28635
28645
28657
28675
28703
28844
28869
28878
29012
29015
29050
29117
29129
29185
29191
29301
29318
29373
29405
29422
29469
29604
29609
29632
29673
29703
29720
29802
29804
29817
29825
29882
29908
29910
29969
30026
30054
30093
30111
30154
30173
30327
30400
30444
30519
30542
30547
30583
30598
30727
30745
30763
30792
30799
30804
30808
30825
30866
30921
30955
30963
30974
30989
30991
31065
31105
31117
31155
31217
31237
31289
31304
31427
31458
31512
31598
31672
31753
31816
31831
31888
32029
32091
32189
32211
32257
32260
32411
32478
32513
32579
32601
32603
32622
32677
32772
32777
32803
32898
32943
33021
33077
33085
33101
33130
33207
33233
33248
33354
33360
33425
33427
33437
33471
33534
33608
33729
33767
33910
33915
33937
33955
33957
33961
33981
34047
34081
34153
34189
34202
34232
34240
34243
34247
34273
34295
34328
34333
34334
34466
34564
34580
34606
34643
34696
34704
34713
34763
34823
34828
34904
34915
34920
34937
35009
35030
35078
35151
35175
35180
35239
35272
35373
35425
35561
35643
35663
35710
35810
35817
35824
35866
35905
35988
36134
36150
36181
36198
36334
36383
36404
36589
36618
36621
36739
36874
36945
36975
36987
