15
17
23
54
108
132
142
229
237
313
347
352
356
357
358
370
399
432
433
447
464
518
532
576
616
641
663
670
671
672
713
766
795
797
802
805
818
820
840
846
890
899
900
912
944
979
1002
1016
1028
1082
1090
1168
1177
1182
1209
1231
1255
1265
1279
1314
1329
1374
1403
1438
1441
1442
1494
1510
1513
1528
1533
1620
1646
1650
1657
1694
1728
1754
1757
1760
1777
1788
1845
1907
1922
1949
1956
1957
1986
1989
2006
2009
2020
2051
2064
2086
2091
2108
2124
2136
2174
2187
2215
2237
2283
2318
2387
2394
2402
2408
2430
2435
2442
2454
2494
2531
2533
2536
2542
2548
2575
2592
2665
2672
2697
2702
2731
2760
2761
2766
2778
2791
2822
2833
2834
2862
2870
2888
2904
2908
2944
2979
2998
3001
3007
3013
3022
3023
3076
3079
3084
3183
3194
3195
3200
3209
3223
3247
3381
3383
3412
3420
3437
3439
3486
3513
3532
3575
3578
3593
3632
3648
3696
3698
3700
3734
3746
3756
3773
3774
3790
3798
3799
3800
3801
3808
3815
3816
3827
3847
3921
3986
4008
4047
4057
4059
4060
4061
4071
4107
4118
4153
4188
4200
4218
4232
4239
4254
4298
4306
4307
4318
4368
4380
4384
4438
4461
4488
4505
4510
4534
4544
4595
4625
4652
4667
4673
4734
4744
4750
4772
4796
4811
4816
4835
4848
4851
4857
4867
4891
4897
4936
4941
4968
5003
5005
5055
5070
5072
5090
5094
5131
5134
5140
5156
5166
5179
5188
5215
5230
5241
5293
5310
5346
5399
5401
5408
5436
5523
5527
5534
5582
5625
5628
5650
5661
5664
5672
5701
5723
5819
5836
5854
5859
5884
5905
5916
5920
5935
5949
5952
5964
5987
5999
6000
6016
6021
6038
6056
6061
6107
6125
6129
6162
6184
6199
6251
6263
6274
6276
6293
6305
6343
6354
6356
6362
6364
6378
6383
6393
6395
6400
6405
6420
6456
6471
6490
6496
6513
6552
6559
6578
6580
6607
6621
6629
6635
6647
6655
6676
6677
6685
6687
6695
6698
6742
6753
6772
6786
6791
6874
6892
6893
6911
6962
7018
7052
7059
7064
7066
7094
7102
7103
7119
7173
7181
7259
7287
7305
7323
7326
7388
7422
7450
7461
7470
7478
7498
7510
7530
7571
7583
7590
7653
7659
7704
7718
7731
7732
7754
7766
7782
7788
7797
7828
7856
7871
7875
7896
7942
7950
7981
7986
8008
8009
8017
8029
8034
8054
8066
8093
8099
8117
8120
8127
8172
8205
8230
8257
8290
8296
8305
8333
8344
8375
8378
8396
8443
8480
8491
8496
8511
8514
8525
8541
8552
8554
8566
8573
8618
8652
8678
8690
8703
8738
8741
8742
8755
8781
8828
8879
8942
8952
8958
8994
9000
9001
9036
9119
9124
9148
9166
9192
9195
9198
9220
9235
9256
9258
9264
9298
9301
9308
9312
9326
9348
9361
9443
9455
9478
9496
9525
9579
9590
9600
9604
9629
9638
9667
9693
9716
9728
9738
9770
9776
9803
9855
9864
9902
9904
9909
9929
9968
9974
9997
10006
10015
10019
10023
10030
10046
10065
10084
10110
10131
10160
10226
10242
10253
10273
10284
10338
10352
10358
10377
10379
10434
10449
10471
10473
10494
10512
10514
10519
10524
10560
10596
10597
10602
10605
10645
10650
10659
10678
10729
10745
10756
10789
10847
10878
10904
10927
10948
10979
10999
11001
11019
11023
11027
11055
11057
11114
11120
11145
11193
11228
11289
11343
11398
11403
11416
11430
11439
11447
11453
11461
11526
11539
11545
11568
11601
11628
11653
11669
11671
11672
11693
11702
11731
11788
11796
11807
11886
11889
11909
11916
11930
11935
11949
11961
11975
11980
12006
12009
12030
12036
12114
12116
12133
12163
12173
12174
12180
12229
12245
12275
12287
12288
12310
12346
12347
12384
12442
12443
12477
12508
12538
12543
12571
12616
12628
12630
12653
12697
12706
12712
12718
12719
12731
12745
12747
12771
12779
12780
12793
12823
12832
12839
12845
12903
12932
12950
12955
12980
12992
13096
13132
13143
13164
13233
13271
13320
13341
13352
13379
13387
13409
13415
13417
13433
13435
13445
13487
13495
13515
13525
13538
13546
13553
13571
13607
13662
13663
13684
13702
13725
13765
13783
13787
13810
13813
13843
13862
13885
13888
13894
13932
13950
13984
14029
14038
14062
14084
14101
14107
14229
14232
14250
14256
14269
14276
14278
14320
14366
14384
14462
14487
14494
14503
14518
14534
14543
14604
14615
14628
14633
14639
14655
14661
14675
14676
14727
14736
14745
14751
14769
14794
14845
14850
14889
14896
14904
14911
14927
15015
15055
15085
15093
15115
15146
15151
15154
15178
15215
15220
15231
15355
15373
15414
15417
15452
15460
15475
15501
15502
15516
15523
15532
15534
15538
15547
15566
15582
15595
15597
15610
15619
15652
15685
15704
15723
15738
15739
15783
15833
15855
15868
15877
15908
15909
15911
15917
15934
15959
15975
15997
16005
16023
16037
16039
16063
16067
16086
16129
16151
16191
16211
16240
16249
16275
16299
16320
16359
16396
16413
16415
16451
16503
16509
16515
16530
16532
16538
16557
16564
16606
16613
16615
16648
16655
16659
16677
16765
16785
16827
16837
16843
16859
16876
16877
16878
16914
16940
16943
16955
17007
17028
17032
17047
17076
17084
17086
17116
17130
17159
17165
17180
17183
17198
17204
17208
17242
17263
17270
17273
17294
17330
17344
17347
17351
17409
17425
17454
17518
17532
17533
17542
17549
17568
17580
17587
17590
17636
17645
17648
17711
17713
17729
17787
17797
17820
17823
17825
17870
17883
17918
17926
17932
17946
17960
17974
18038
18045
18055
18065
18087
18107
18116
18137
18161
18187
18243
18248
18262
18269
18277
18303
18330
18345
18369
18377
18414
18445
18459
18465
18466
18474
18483
18527
18588
18615
18638
18660
18662
18698
18759
18786
18807
18837
18855
18877
18993
19021
19030
19032
19037
19043
19075
19077
19088
19103
19118
19119
19151
19199
19216
19238
19261
19277
19278
19284
19308
19322
19334
19354
19361
19395
19401
19412
19446
19480
19513
19515
19583
19588
19593
19596
19631
19634
19647
19649
19707
19716
19723
19734
19744
19793
19829
19836
19869
19874
19903
19937
19951
19971
19990
20000
20055
20057
20060
20087
20110
20121
20131
20145
20146
20154
20204
20219
20280
20285
20302
20305
20321
20370
20374
20380
20426
20451
20455
20459
20464
20466
20495
20509
20528
20532
20548
20556
20559
20563
20576
20579
20586
20591
20601
20668
20670
20695
20701
20727
20728
20740
20751
20756
20781
20789
20790
20799
20877
20917
20923
20930
20962
20963
21004
21018
21046
21059
21071
21080
21081
21083
21085
21090
21111
21115
21117
21160
21180
21192
21256
21268
21270
21291
21351
21415
21424
21426
21443
21461
21487
21489
21499
21523
21559
21566
21597
21605
21640
21642
21644
21667
21704
21737
21749
21771
21871
21877
21900
21901
21915
21938
21939
21980
21986
21987
21993
22015
22022
22038
22095
22098
22109
22115
22126
22146
22153
22156
22163
22168
22171
22175
22188
22190
22202
22209
22225
22263
22269
22273
22275
22291
22298
22299
22389
22404
22417
22431
22432
22475
22500
22504
22508
22512
22525
22539
22544
22551
22558
22568
22582
22607
22640
22642
22664
22665
22690
22703
22711
22718
22727
22738
22742
22743
22757
22771
22779
22797
22824
22827
22830
22839
22845
22875
22930
22945
22958
22964
22984
22995
23002
23031
23055
23057
23111
23131
23148
23151
23155
23202
23205
23248
23275
23277
23287
23433
23442
23495
23529
23583
23596
23606
23607
23654
23660
23675
23707
23728
23735
23745
23753
23780
23784
23789
23794
23840
23898
23908
23923
23932
23947
23950
23959
23970
23976
23983
24009
24017
24037
24071
24086
24155
24158
24160
24163
24165
24174
24180
24182
24230
24235
24274
24280
24285
24307
24316
24347
24365
24383
24392
24415
24445
24462
24490
24510
24534
24565
24576
24609
24617
24627
24641
24652
24661
24708
24710
24734
24741
24779
24789
24805
24808
24819
24820
24821
24828
24897
24902
24916
24930
24940
24949
24980
25011
25029
25063
25072
25089
25104
25111
25160
25179
25187
25194
25219
25237
25269
25305
25307
25332
25348
25352
25412
25427
25438
25458
25485
25513
25525
25536
25546
25547
25550
25570
25576
25594
25630
25648
25656
25659
25697
25705
25725
25726
25730
25771
25860
25925
25931
26004
26070
26101
26105
26128
26162
26221
26248
26329
26345
26356
26358
26372
26410
26450
26459
26487
26498
26503
26508
26512
26514
26515
26521
26522
26534
26569
26572
26593
26598
26610
26617
26618
26660
26712
26719
26729
26767
26778
26781
26803
26814
26815
26849
26912
26932
26945
26946
26952
26956
27037
27064
27160
27183
27194
27195
27199
27200
27275
27305
27307
27312
27328
27392
27400
27411
27412
27423
27433
27461
27484
27500
27501
27509
27518
27556
27564
27605
27606
27619
27623
27670
27687
27698
27709
27783
27787
27790
27812
27823
27894
27901
27920
27925
27942
27965
27989
27998
28031
28034
28045
28048
28051
28054
28062
28091
28128
28145
28151
28155
28168
28176
28183
28190
28199
28206
28208
28220
28233
28246
28283
28332
28346
28354
28365
28392
28402
28405
28407
28409
28422
28432
28471
28474
28515
28529
28552
28587
28588
28589
28631
28664
28679
28692
28716
28719
28721
28738
28747
28776
28794
28799
28819
28827
28856
28864
28876
28881
28882
28893
28894
28910
28912
28921
28938
28960
28967
28993
29014
29019
29024
29082
29119
29123
29133
29155
29162
29209
29210
29226
29258
29279
29326
29339
29357
29380
29389
29394
29448
29450
29454
29498
29501
29534
29536
29557
29568
29573
29599
29617
29632
29643
29650
29669
29693
29708
29737
29752
29757
29761
29810
29822
29834
29899
29922
29938
29970
29985
30000
30010
30037
30049
30106
30114
30117
30119
30124
30132
30218
30219
30221
30229
30282
30298
30309
30312
30327
30381
30384
30401
30406
30432
30451
30454
30455
30478
30481
30492
30499
30516
30518
30538
30550
30553
30602
30607
30608
30627
30648
30673
30742
30747
30748
30751
30753
30770
30784
30794
30844
30848
30935
30946
30950
30987
30995
31016
31062
31077
31103
31123
31153
31204
31248
31253
31256
31279
31299
31300
31303
31313
31353
31369
31412
31413
31438
31446
31459
31472
31483
31518
31543
31553
31568
31571
31596
31621
31631
31644
31658
31665
31666
31670
31683
31715
31716
31777
31797
31823
31887
31894
31895
31902
31915
32038
32043
32049
32061
32101
32112
32133
32156
32157
32169
32191
32199
32209
32225
32283
32286
32287
32326
32364
32371
32399
32415
32476
32521
32526
32553
32560
32579
32596
32623
32634
32637
32659
32681
32694
32717
32730
32743
32747
32748
32770
32778
32799
32833
32848
32850
32888
32923
32941
32949
32952
32965
32993
33053
33060
33063
33084
33115
33174
33186
33187
33239
33241
33254
33294
33397
33409
33477
33482
33540
33544
33550
33577
33588
33604
33660
33676
33682
33687
33746
33750
33760
33766
33793
33801
33809
33825
33858
33899
33928
33934
33977
33989
34004
34007
34009
34015
34041
34068
34072
34100
34101
34136
34144
34151
34152
34174
34188
34191
34243
34247
34255
34267
34275
34276
34290
34310
34312
34332
34372
34412
34429
34436
34446
34463
34464
34488
34496
34505
34534
34551
34576
34577
34590
34619
34636
34674
34722
34725
34728
34735
34741
34775
34792
34799
34802
34814
34818
34874
34898
34920
34930
34954
34970
34980
34998
35001
35024
35041
35046
35053
35056
35070
35123
35124
35127
35155
35163
35167
35213
35219
35245
35254
35259
35284
35306
35311
35328
35333
35373
35402
35413
35418
35438
35444
35458
35466
35481
35503
35507
35535
35537
35541
35558
35571
35620
35627
35628
35636
35639
35656
35661
35712
35733
35749
35773
35789
35808
35817
35826
35843
35913
35932
35946
35961
35982
36007
36027
36028
36030
36048
36076
36092
36126
36171
36176
36210
36226
36234
36236
36263
36270
36302
36324
36346
36370
36389
36394
36412
36426
36436
36446
36464
36469
36482
36503
36509
36549
36558
36586
36632
36633
36641
36698
36699
36708
36709
36719
36742
36761
36774
36779
36790
36807
36811
36825
36834
36841
36915
36957
36995
