39
524
808
856
1038
1131
1157
1274
1448
1764
2082
2611
2639
2723
2846
2849
2985
3014
3092
3402
3805
3838
3859
3904
4019
4029
4153
4280
4401
4517
4591
4774
4792
5152
5252
5268
5439
5452
5504
5520
5709
5837
6084
6384
6387
6451
6640
6915
6946
7019
7522
7609
7617
7823
7949
8062
8079
8121
8165
8219
8327
8573
8615
8679
8884
8899
8900
9146
9168
9302
9364
9402
9570
9582
9642
9657
9797
9894
9932
10136
10222
10260
10261
10268
10325
10666
10756
10917
10990
11007
11111
11387
11779
11879
11934
11970
11984
12208
12296
12736
13130
13466
13530
13539
13546
13879
13908
14031
14095
14304
14537
15100
15217
15267
15396
15415
15425
15704
15706
15725
15735
15788
15895
16195
16557
16612
16686
16730
16799
16988
17245
17354
17394
17516
17622
17636
17707
17800
18009
18163
18425
18439
18817
18857
18944
19053
19129
19276
19288
19304
19411
19453
19847
19859
20180
20255
20468
20666
20677
20694
20703
20732
20891
20917
21009
21387
21392
21602
21691
21945
22033
22169
22438
22594
22604
22622
22667
22875
22929
23083
23156
23176
23289
23343
23387
23410
23417
23567
23717
23785
24030
24173
24276
24478
24747
24863
24892
24906
25071
25073
25099
25185
25208
25271
25374
25387
25425
25522
25711
25728
25770
25832
25863
25869
26021
26347
26509
26560
26591
26715
26805
26878
26907
26925
27088
27334
27454
27552
27721
27853
27913
27998
28083
28590
29035
29100
29157
29254
29339
29343
29488
29701
29712
29785
29925
29963
30589
30732
30785
31073
31075
31620
31636
31870
31946
32088
32112
32448
32636
32716
32783
32896
32918
33688
34084
34115
34385
34415
34483
34511
34563
34584
34685
34721
34878
34953
35379
35609
35830
35915
36083
36204
36230
36464
36603
36792
