50
63
143
160
282
390
446
491
510
628
692
803
1158
1169
1190
1203
1247
1322
1406
1418
1439
1456
1491
1638
1663
1664
1689
1749
1819
1857
1902
1969
2053
2057
2082
2109
2138
2160
2178
2200
2227
2300
2307
2333
2368
2492
2631
2683
2700
2743
2813
2963
3054
3180
3231
3264
3314
3341
3344
3358
3402
3735
3738
3779
3828
3897
3951
4025
4091
4094
4103
4158
4167
4195
4394
4396
4404
4584
4629
4672
4718
4745
4856
5054
5078
5147
5164
5196
5228
5237
5297
5356
5379
5467
5498
5503
5556
5579
5739
5818
5826
5849
5906
6007
6070
6073
6084
6085
6093
6166
6296
6417
6514
6517
6542
6564
6599
6610
6620
6663
6728
6815
6857
6943
6965
7003
7030
7058
7088
7090
7152
7174
7195
7238
7310
7355
7367
7392
7439
7463
7528
7662
7709
7758
7824
7912
8085
8090
8125
8254
8313
8436
8453
8545
8636
8644
8718
8724
8796
8890
8899
8943
8967
9009
9026
9061
9065
9146
9180
9189
9287
9362
9385
9393
9429
9492
9505
9534
9535
9538
9624
9670
9777
9778
9792
9896
10159
10199
10227
10250
10311
10389
10399
10420
10453
10476
10598
10633
10646
10670
10705
10709
10797
10825
10852
10866
10876
10983
11060
11254
11256
11317
11427
11493
11580
11665
11714
11717
11771
11792
11809
11830
11848
11850
11884
11958
11968
11998
12016
12104
12150
12194
12375
12406
12533
12632
12665
12698
12709
12742
12914
13002
13009
13067
13103
13150
13241
13274
13333
13347
13375
13449
13527
13533
13544
13635
13695
13723
13901
13905
13908
13951
13978
14066
14092
14105
14155
14198
14212
14239
14243
14279
14354
14370
14449
14618
14638
14656
14693
14783
14826
14936
15066
15090
15104
15159
15168
15170
15321
15341
15487
15579
15632
15657
15680
15706
15758
15770
15795
15804
15935
16059
16199
16229
16241
16243
16302
16404
16417
16705
16732
16740
16753
16777
16813
16821
16930
17011
17055
17056
17103
17135
17158
17233
17331
17460
17536
17546
17562
17571
17583
17637
17759
17872
17899
17938
18005
18010
18025
18056
18068
18078
18142
18164
18210
18387
18478
18499
18554
18593
18605
18688
18691
18721
18772
18774
18784
18833
18908
18910
18923
18933
18936
18997
19015
19020
19113
19203
19215
19221
19304
19320
19335
19386
19397
19404
19444
19453
19569
19609
19656
19661
19696
19745
19828
19909
19965
20013
20015
20042
20179
20205
20331
20378
20402
20612
20714
20777
20806
21009
21190
21249
21253
21255
21339
21347
21369
21503
21544
21546
21552
21646
21650
21788
21870
21970
22014
22083
22101
22116
22158
22237
22330
22358
22381
22499
22574
22633
22724
22758
22856
22890
23052
23127
23167
23237
23253
23300
23331
23471
23477
23491
23577
23640
23704
23743
23792
23849
23884
23893
23915
23957
23966
23972
24080
24135
24232
24356
24393
24542
24599
24635
24647
24697
24718
24844
24942
24944
24964
25003
25099
25110
25114
25119
25228
25249
25294
25371
25386
25460
25471
25554
25769
25874
25987
26040
26239
26242
26267
26395
26409
26480
26485
26560
26632
26654
26695
26721
26782
26819
26968
26973
27036
27061
27106
27154
27410
27570
27644
27762
27804
27817
27854
27856
27861
27911
27940
28013
28046
28055
28083
28110
28226
28380
28489
28519
28557
28563
28635
28645
28657
28675
28751
28844
28878
28980
28989
29012
29015
29042
29117
29126
29129
29185
29191
29301
29318
29328
29373
29405
29422
29469
29486
29604
29609
29673
29703
29720
29817
29825
29882
29908
29925
29932
29963
29969
29975
29997
30087
30111
30154
30173
30207
30400
30513
30519
30542
30583
30727
30745
30763
30792
30799
30804
30825
30974
30989
31117
31237
31289
31304
31512
31583
31598
31648
31672
31753
31831
31888
32029
32091
32211
32404
32411
32478
32490
32601
32603
32677
32682
32772
32777
32803
32898
32943
33021
33077
33085
33101
33130
33207
33233
33248
33360
33425
33437
33471
33534
33729
33767
33921
33937
33957
33981
33998
34047
34081
34153
34189
34190
34232
34240
34328
34333
34400
34564
34575
34580
34643
34696
34713
34766
34915
34937
35030
35078
35151
35239
35253
35379
35425
35426
35561
35575
35710
35810
35824
35830
35866
35909
35944
35988
36049
36134
36150
36181
36369
36383
36404
36618
36621
36661
36728
36739
36768
36924
36945
36975
36987
