2
6
7
15
18
19
21
28
30
31
35
37
43
49
50
54
57
61
70
75
98
99
106
108
111
114
126
129
131
135
140
142
145
146
148
154
160
162
166
174
176
184
189
190
194
206
209
221
223
229
232
233
234
235
236
238
242
244
248
249
254
259
260
262
269
279
285
291
293
294
302
310
313
319
328
329
332
335
336
339
345
352
363
364
365
368
369
370
375
376
377
378
384
390
392
394
396
400
402
403
405
407
408
412
413
415
416
425
433
434
440
443
446
447
451
454
455
456
459
463
465
471
473
478
482
487
489
491
508
515
517
525
526
532
533
536
546
553
555
557
571
574
575
578
582
583
588
590
594
612
615
618
623
628
635
641
646
652
656
663
667
670
672
675
681
682
683
684
690
691
697
702
709
712
722
726
737
741
749
755
759
760
764
766
768
770
771
774
775
781
782
789
797
803
804
806
809
819
826
837
840
846
847
851
859
862
868
870
875
884
885
887
891
893
894
899
904
913
917
927
928
936
941
944
959
962
965
968
969
971
974
979
984
986
989
990
992
996
997
998
999
1000
1001
1002
1005
1009
1010
1012
1013
1016
1019
1020
1028
1029
1033
1035
1042
1045
1049
1054
1055
1058
1059
1061
1063
1066
1067
1068
1071
1072
1077
1079
1084
1093
1096
1097
1101
1108
1109
1111
1120
1128
1130
1135
1141
1143
1149
1152
1160
1161
1163
1164
1165
1168
1169
1180
1181
1183
1184
1190
1202
1203
1209
1210
1215
1222
1241
1246
1247
1249
1251
1252
1255
1258
1263
1268
1270
1271
1273
1279
1282
1295
1297
1308
1310
1311
1313
1326
1329
1331
1332
1333
1347
1360
1374
1376
1383
1385
1403
1406
1409
1410
1411
1414
1416
1420
1423
1426
1432
1439
1449
1453
1454
1459
1460
1462
1468
1471
1473
1477
1481
1483
1484
1485
1488
1489
1491
1492
1500
1501
1505
1506
1510
1513
1516
1518
1527
1530
1534
1545
1551
1553
1554
1556
1557
1559
1572
1573
1574
1578
1579
1583
1605
1607
1608
1609
1611
1612
1613
1618
1622
1627
1631
1633
1637
1640
1641
1646
1655
1664
1667
1672
1676
1679
1682
1693
1694
1695
1697
1699
1714
1716
1719
1722
1724
1728
1734
1739
1744
1746
1748
1749
1751
1754
1757
1763
1764
1769
1773
1776
1777
1786
1788
1793
1796
1798
1803
1807
1810
1817
1828
1832
1838
1844
1845
1848
1850
1857
1861
1864
1865
1868
1872
1873
1874
1885
1892
1893
1897
1901
1902
1903
1904
1907
1910
1911
1913
1927
1928
1930
1936
1937
1945
1949
1957
1958
1962
1965
1968
1969
1971
1975
1981
1984
1988
1996
1997
2002
2007
2010
2013
2015
2020
2021
2026
2027
2031
2036
2038
2044
2048
2051
2052
2053
2057
2061
2062
2064
2066
2068
2079
2083
2087
2088
2090
2091
2093
2095
2106
2109
2118
2119
2123
2128
2140
2144
2147
2153
2158
2162
2164
2174
2175
2177
2178
2179
2180
2184
2185
2194
2195
2199
2205
2211
2212
2218
2225
2229
2235
2239
2243
2248
2252
2260
2262
2274
2275
2278
2283
2286
2296
2299
2303
2307
2311
2312
2316
2320
2328
2330
2344
2346
2349
2350
2355
2361
2367
2371
2372
2375
2376
2386
2390
2391
2393
2394
2408
2411
2413
2414
2421
2422
2426
2438
2445
2452
2455
2457
2458
2460
2465
2467
2473
2475
2479
2481
2482
2487
2488
2489
2490
2492
2494
2495
2499
2500
2501
2505
2508
2510
2514
2517
2519
2521
2523
2528
2529
2530
2538
2541
2542
2543
2544
2550
2553
2555
2556
2559
2562
2565
2566
2567
2575
2579
2582
2586
2590
2591
2598
2600
2608
2621
2623
2625
2627
2631
2632
2636
2637
2639
2645
2646
2649
2651
2657
2658
2660
2662
2663
2671
2672
2676
2678
2683
2691
2692
2700
2702
2705
2706
2707
2711
2714
2716
2720
2722
2723
2726
2731
2735
2739
2741
2743
2747
2750
2751
2754
2757
2758
2762
2764
2766
2767
2773
2781
2786
2789
2791
2808
2812
2813
2822
2825
2829
2834
2841
2845
2847
2849
2852
2856
2857
2859
2860
2866
2868
2870
2875
2883
2888
2891
2894
2901
2906
2908
2915
2916
2917
2919
2923
2926
2942
2948
2953
2956
2960
2962
2963
2980
2985
2986
2993
2995
2999
3010
3014
3020
3021
3023
3025
3029
3031
3038
3045
3047
3050
3054
3055
3063
3064
3070
3072
3077
3079
3083
3088
3091
3092
3096
3097
3101
3102
3112
3114
3122
3130
3133
3136
3145
3150
3155
3159
3172
3175
3180
3185
3186
3192
3194
3195
3200
3203
3204
3205
3209
3210
3219
3225
3231
3242
3244
3245
3246
3249
3251
3254
3265
3267
3273
3276
3283
3288
3296
3299
3306
3307
3312
3314
3319
3321
3322
3326
3331
3332
3333
3334
3335
3337
3341
3343
3344
3350
3358
3367
3374
3388
3389
3401
3412
3421
3422
3423
3430
3446
3451
3453
3458
3460
3461
3464
3466
3469
3471
3474
3484
3486
3487
3490
3497
3498
3507
3508
3509
3510
3513
3532
3533
3541
3544
3547
3548
3549
3554
3555
3556
3557
3558
3565
3567
3571
3575
3576
3578
3590
3594
3598
3602
3605
3606
3609
3615
3619
3621
3623
3640
3641
3646
3648
3651
3657
3661
3669
3677
3686
3691
3695
3696
3697
3700
3702
3704
3705
3712
3714
3715
3724
3731
3735
3737
3738
3746
3751
3756
3764
3765
3767
3770
3773
3782
3786
3788
3789
3791
3793
3797
3799
3803
3811
3814
3815
3820
3822
3827
3828
3830
3837
3839
3845
3852
3853
3854
3867
3870
3871
3876
3877
3878
3879
3881
3890
3894
3895
3898
3899
3902
3904
3907
3911
3915
3916
3922
3927
3931
3933
3936
3938
3939
3941
3942
3944
3949
3952
3955
3957
3959
3962
3966
3970
3973
3974
3977
3979
3980
3986
3987
3988
3992
4005
4006
4009
4010
4015
4019
4027
4033
4042
4044
4049
4051
4053
4057
4059
4061
4063
4067
4079
4082
4085
4087
4091
4094
4099
4100
4103
4105
4109
4113
4118
4129
4133
4134
4140
4149
4154
4157
4163
4165
4174
4192
4195
4199
4200
4201
4213
4215
4216
4228
4229
4239
4246
4250
4252
4260
4263
4267
4276
4277
4280
4282
4284
4285
4290
4291
4297
4298
4306
4307
4312
4316
4320
4329
4330
4340
4343
4345
4346
4353
4359
4369
4371
4377
4391
4394
4402
4403
4404
4410
4412
4413
4416
4418
4419
4420
4422
4427
4429
4432
4438
4440
4444
4450
4455
4457
4461
4462
4468
4480
4481
4486
4493
4495
4500
4501
4505
4506
4507
4508
4509
4518
4519
4524
4525
4531
4534
4542
4543
4544
4550
4551
4553
4554
4555
4558
4560
4562
4568
4580
4584
4586
4588
4592
4594
4597
4598
4600
4605
4607
4611
4624
4627
4628
4629
4631
4639
4652
4654
4662
4663
4665
4667
4670
4672
4673
4675
4681
4684
4685
4688
4698
4699
4736
4738
4741
4745
4747
4750
4758
4763
4766
4769
4779
4780
4782
4783
4786
4788
4790
4792
4798
4799
4802
4805
4809
4810
4815
4816
4817
4819
4822
4823
4827
4830
4832
4835
4841
4842
4844
4856
4859
4861
4867
4868
4875
4882
4891
4897
4901
4903
4904
4907
4916
4917
4919
4921
4922
4924
4925
4928
4935
4936
4937
4940
4941
4945
4958
4963
4968
4976
4978
4982
4984
4985
4987
4989
4994
4999
5001
5003
5018
5039
5040
5041
5051
5055
5061
5064
5065
5069
5070
5072
5075
5079
5082
5084
5088
5089
5090
5094
5097
5100
5109
5110
5113
5114
5116
5117
5126
5127
5131
5134
5136
5144
5145
5147
5149
5150
5154
5156
5159
5165
5167
5177
5179
5181
5182
5183
5184
5186
5187
5188
5190
5196
5199
5201
5203
5208
5210
5215
5222
5228
5229
5230
5237
5241
5246
5252
5259
5260
5262
5266
5267
5271
5273
5277
5278
5281
5282
5286
5291
5293
5295
5297
5298
5311
5319
5320
5322
5334
5342
5349
5353
5356
5359
5360
5361
5362
5365
5377
5386
5392
5395
5398
5404
5418
5420
5421
5429
5433
5435
5437
5440
5445
5451
5454
5456
5462
5470
5471
5473
5480
5482
5483
5486
5487
5489
5490
5492
5495
5498
5499
5501
5504
5507
5516
5517
5519
5521
5522
5523
5524
5527
5530
5536
5542
5556
5558
5563
5564
5568
5572
5573
5575
5581
5586
5590
5604
5605
5610
5619
5621
5623
5625
5627
5628
5632
5633
5647
5648
5649
5655
5661
5662
5668
5669
5670
5673
5675
5678
5690
5695
5701
5704
5710
5711
5713
5714
5724
5728
5729
5730
5733
5734
5736
5739
5745
5748
5750
5760
5761
5773
5776
5794
5797
5800
5815
5816
5817
5818
5822
5824
5825
5826
5827
5829
5830
5838
5840
5843
5849
5851
5852
5854
5856
5862
5863
5865
5866
5879
5880
5881
5882
5883
5900
5901
5905
5906
5912
5914
5925
5932
5934
5935
5936
5940
5942
5944
5949
5950
5959
5964
5966
5968
5970
5978
5996
6000
6002
6005
6006
6014
6016
6021
6027
6028
6036
6037
6039
6055
6056
6059
6060
6062
6063
6064
6068
6069
6071
6073
6074
6076
6081
6082
6083
6085
6090
6091
6098
6101
6107
6108
6110
6114
6122
6125
6126
6129
6130
6134
6138
6154
6161
6166
6168
6171
6174
6178
6179
6181
6188
6199
6200
6213
6214
6220
6224
6230
6232
6237
6238
6240
6241
6248
6258
6260
6262
6263
6266
6268
6274
6275
6278
6292
6294
6299
6300
6301
6306
6307
6308
6312
6314
6315
6327
6329
6336
6339
6341
6342
6343
6344
6345
6351
6359
6361
6364
6368
6372
6373
6380
6381
6383
6384
6393
6400
6403
6405
6410
6412
6417
6420
6421
6439
6443
6445
6448
6457
6458
6461
6471
6477
6481
6483
6484
6485
6488
6489
6491
6494
6496
6503
6509
6515
6521
6533
6540
6541
6543
6550
6552
6555
6557
6558
6562
6563
6564
6569
6570
6572
6573
6578
6580
6581
6583
6587
6588
6591
6599
6602
6607
6609
6614
6615
6620
6629
6640
6641
6643
6644
6648
6667
6668
6675
6677
6683
6685
6689
6692
6696
6698
6699
6701
6703
6714
6718
6719
6720
6727
6728
6737
6738
6739
6742
6753
6754
6758
6759
6760
6763
6766
6769
6778
6786
6790
6791
6792
6794
6797
6802
6804
6807
6813
6815
6816
6821
6834
6838
6841
6842
6854
6856
6858
6866
6870
6872
6874
6875
6879
6883
6892
6897
6900
6904
6907
6909
6910
6912
6915
6917
6923
6929
6937
6938
6939
6940
6941
6942
6943
6947
6948
6951
6952
6955
6957
6962
6965
6966
6969
6970
6972
6976
6979
6980
6981
6982
6984
6993
6995
6997
6998
7003
7009
7018
7020
7032
7038
7039
7045
7052
7053
7058
7061
7062
7065
7069
7071
7089
7090
7091
7092
7093
7094
7102
7107
7110
7116
7119
7123
7131
7133
7136
7145
7149
7154
7155
7158
7159
7161
7162
7163
7168
7171
7172
7175
7177
7183
7187
7193
7195
7196
7199
7201
7202
7203
7215
7218
7219
7226
7231
7234
7237
7240
7243
7245
7247
7248
7252
7254
7259
7260
7267
7269
7278
7284
7285
7288
7298
7299
7310
7312
7323
7325
7326
7331
7332
7344
7348
7349
7355
7360
7365
7367
7377
7382
7388
7392
7396
7400
7407
7408
7409
7410
7414
7417
7418
7424
7425
7427
7428
7431
7438
7440
7453
7456
7465
7470
7472
7476
7477
7478
7479
7480
7491
7493
7497
7501
7513
7522
7523
7526
7529
7530
7541
7550
7556
7564
7565
7568
7571
7577
7588
7589
7590
7598
7600
7604
7610
7612
7613
7618
7626
7627
7631
7641
7651
7653
7656
7660
7662
7664
7668
7669
7682
7685
7689
7695
7699
7702
7707
7708
7709
7713
7716
7718
7731
7732
7734
7737
7741
7742
7743
7746
7749
7751
7754
7761
7767
7774
7775
7777
7782
7786
7788
7789
7801
7804
7805
7807
7809
7815
7817
7824
7828
7829
7839
7840
7849
7852
7853
7858
7864
7865
7871
7875
7880
7893
7894
7896
7907
7911
7912
7914
7917
7918
7919
7923
7931
7935
7936
7938
7942
7945
7946
7949
7952
7954
7955
7959
7963
7968
7973
7975
7977
7981
7982
7985
7986
7987
7988
7992
7993
7994
8001
8002
8003
8008
8011
8012
8013
8015
8020
8027
8028
8037
8043
8049
8054
8057
8065
8066
8068
8082
8083
8085
8087
8090
8093
8094
8095
8097
8099
8110
8116
8118
8121
8125
8126
8127
8134
8135
8143
8148
8149
8159
8161
8163
8168
8174
8182
8184
8187
8188
8193
8195
8205
8206
8210
8213
8214
8215
8219
8224
8227
8232
8233
8235
8237
8238
8244
8246
8247
8248
8252
8263
8270
8272
8275
8281
8305
8311
8313
8314
8318
8325
8326
8328
8330
8333
8349
8350
8351
8354
8358
8359
8362
8367
8368
8375
8378
8380
8383
8384
8387
8389
8396
8399
8409
8410
8412
8416
8417
8418
8420
8423
8424
8426
8432
8436
8440
8443
8444
8445
8452
8459
8472
8480
8484
8503
8505
8514
8522
8526
8527
8529
8535
8538
8541
8545
8547
8548
8549
8550
8551
8552
8556
8559
8563
8567
8574
8577
8586
8596
8597
8599
8604
8609
8610
8611
8615
8625
8630
8632
8634
8643
8644
8647
8652
8653
8657
8658
8659
8662
8664
8672
8674
8679
8687
8690
8695
8705
8709
8713
8724
8731
8734
8735
8740
8745
8752
8754
8769
8772
8775
8777
8780
8781
8782
8783
8786
8790
8791
8792
8797
8801
8802
8809
8812
8819
8820
8828
8832
8833
8834
8838
8839
8840
8845
8855
8857
8858
8861
8863
8868
8871
8877
8879
8883
8884
8885
8888
8890
8893
8895
8897
8898
8900
8906
8915
8919
8922
8932
8940
8943
8949
8953
8954
8961
8962
8967
8968
8969
8975
8976
8977
8978
8985
8997
8998
8999
9000
9001
9002
9005
9007
9009
9012
9016
9030
9061
9063
9065
9075
9076
9079
9085
9087
9088
9093
9099
9101
9106
9113
9115
9127
9135
9139
9141
9145
9146
9154
9157
9160
9165
9166
9168
9170
9173
9178
9179
9180
9192
9194
9195
9196
9197
9203
9207
9209
9217
9220
9223
9226
9234
9238
9239
9241
9242
9243
9250
9253
9258
9260
9262
9263
9264
9269
9272
9295
9300
9305
9306
9308
9311
9314
9316
9317
9321
9323
9325
9326
9332
9334
9335
9336
9337
9338
9341
9346
9352
9357
9359
9362
9364
9366
9368
9384
9385
9389
9393
9398
9412
9419
9420
9424
9431
9439
9448
9451
9452
9455
9464
9467
9470
9474
9477
9482
9485
9488
9492
9493
9494
9496
9499
9503
9505
9506
9526
9531
9534
9535
9543
9544
9545
9551
9552
9561
9564
9568
9569
9574
9577
9582
9590
9593
9596
9599
9601
9604
9608
9611
9613
9615
9616
9620
9621
9626
9628
9629
9633
9646
9652
9660
9662
9665
9667
9670
9671
9674
9675
9676
9686
9688
9689
9698
9706
9723
9725
9743
9745
9751
9756
9766
9776
9777
9778
9779
9782
9795
9797
9803
9809
9821
9839
9841
9843
9844
9855
9863
9864
9866
9867
9869
9871
9872
9880
9884
9890
9891
9893
9894
9898
9902
9908
9909
9914
9917
9918
9920
9921
9926
9929
9930
9932
9936
9937
9946
9952
9966
9968
9982
9984
9987
9997
10006
10015
10019
10023
10029
10045
10055
10057
10077
10080
10087
10095
10099
10100
10102
10108
10109
10111
10119
10122
10123
10128
10131
10136
10139
10142
10143
10145
10147
10154
10159
10160
10162
10181
10186
10190
10191
10194
10196
10199
10201
10208
10210
10214
10215
10222
10227
10230
10232
10239
10240
10251
10253
10254
10257
10258
10266
10268
10275
10278
10281
10292
10315
10321
10325
10331
10333
10338
10345
10352
10353
10359
10362
10363
10371
10374
10376
10379
10380
10382
10384
10387
10389
10392
10393
10395
10397
10399
10407
10408
10411
10414
10416
10426
10438
10439
10441
10449
10451
10453
10462
10467
10471
10480
10482
10485
10488
10495
10508
10516
10518
10520
10524
10527
10532
10535
10537
10538
10545
10550
10551
10553
10562
10565
10568
10569
10570
10578
10579
10581
10583
10584
10587
10594
10598
10599
10600
10602
10612
10613
10616
10617
10622
10625
10631
10633
10635
10636
10638
10644
10648
10660
10666
10669
10676
10678
10679
10682
10704
10708
10709
10713
10717
10738
10745
10748
10754
10755
10759
10765
10766
10767
10768
10771
10781
10783
10784
10785
10789
10790
10797
10805
10806
10807
10809
10812
10816
10817
10820
10821
10822
10830
10833
10835
10837
10848
10852
10853
10854
10859
10867
10870
10872
10873
10874
10876
10877
10878
10888
10889
10891
10906
10908
10929
10940
10943
10945
10948
10959
10962
10963
10967
10968
10974
10975
10976
10979
10981
10983
10991
11000
11001
11002
11003
11004
11007
11013
11019
11024
11029
11032
11047
11049
11055
11059
11061
11065
11073
11074
11082
11083
11085
11087
11089
11093
11094
11108
11110
11115
11116
11122
11123
11129
11136
11140
11142
11143
11144
11145
11146
11150
11155
11163
11169
11170
11172
11174
11175
11183
11190
11191
11192
11205
11208
11213
11219
11224
11227
11228
11230
11231
11235
11241
11252
11256
11264
11266
11277
11281
11295
11296
11299
11302
11304
11307
11311
11314
11317
11319
11320
11321
11326
11329
11333
11335
11341
11343
11344
11347
11353
11356
11368
11373
11376
11378
11386
11389
11393
11395
11398
11399
11407
11413
11417
11419
11421
11423
11427
11430
11447
11448
11452
11453
11454
11457
11461
11467
11476
11477
11478
11479
11480
11486
11490
11493
11495
11496
11501
11504
11507
11510
11524
11525
11526
11527
11528
11536
11538
11540
11542
11543
11544
11549
11551
11559
11570
11571
11574
11577
11578
11583
11591
11603
11613
11614
11621
11625
11648
11658
11659
11665
11666
11669
11670
11671
11676
11686
11692
11696
11697
11702
11708
11711
11712
11714
11717
11718
11720
11723
11726
11731
11736
11744
11745
11746
11760
11775
11779
11780
11781
11795
11803
11807
11809
11820
11829
11830
11841
11844
11848
11850
11853
11856
11859
11868
11872
11878
11879
11880
11884
11896
11899
11900
11903
11908
11913
11924
11935
11938
11941
11943
11949
11951
11956
11957
11959
11966
11969
11971
11984
11986
11990
11995
11998
11999
12000
12001
12005
12015
12018
12021
12030
12036
12048
12050
12051
12058
12059
12064
12077
12088
12092
12093
12095
12098
12108
12111
12114
12115
12117
12133
12135
12136
12146
12149
12150
12152
12153
12154
12162
12163
12165
12166
12167
12169
12171
12180
12188
12189
12194
12195
12196
12200
12218
12221
12223
12227
12228
12236
12239
12241
12249
12253
12254
12261
12265
12272
12276
12278
12280
12284
12294
12300
12301
12302
12303
12306
12308
12309
12310
12316
12318
12321
12325
12328
12343
12346
12347
12351
12355
12358
12365
12369
12377
12382
12389
12395
12397
12404
12406
12407
12413
12414
12419
12423
12432
12433
12438
12443
12444
12447
12450
12457
12458
12461
12469
12481
12488
12494
12495
12505
12506
12507
12512
12514
12516
12518
12521
12525
12536
12538
12540
12541
12548
12555
12559
12566
12572
12573
12574
12585
12592
12594
12608
12613
12615
12618
12619
12622
12626
12632
12633
12634
12635
12637
12638
12640
12648
12650
12653
12655
12656
12658
12662
12663
12665
12671
12676
12681
12682
12684
12692
12693
12697
12698
12701
12702
12712
12713
12714
12718
12726
12729
12731
12732
12734
12740
12744
12745
12754
12756
12759
12762
12765
12777
12784
12787
12788
12791
12794
12796
12797
12798
12799
12804
12806
12808
12810
12812
12823
12827
12837
12839
12841
12843
12845
12848
12853
12854
12860
12862
12869
12870
12872
12874
12877
12883
12886
12891
12893
12895
12906
12917
12924
12925
12929
12931
12933
12941
12945
12953
12954
12958
12960
12962
12967
12970
12971
12976
12982
12985
12989
12992
12994
13000
13001
13002
13004
13007
13009
13021
13023
13024
13027
13030
13036
13038
13045
13051
13056
13065
13067
13073
13077
13082
13098
13099
13100
13109
13111
13113
13116
13117
13119
13130
13133
13134
13143
13144
13147
13150
13156
13161
13164
13168
13176
13178
13181
13185
13186
13191
13193
13199
13202
13219
13241
13242
13254
13258
13259
13261
13273
13274
13291
13293
13294
13299
13300
13307
13309
13313
13316
13321
13324
13327
13330
13331
13333
13337
13341
13349
13350
13351
13352
13364
13368
13369
13375
13379
13387
13389
13391
13392
13395
13397
13399
13410
13412
13414
13415
13416
13417
13426
13427
13428
13431
13433
13436
13437
13438
13439
13448
13449
13450
13452
13461
13462
13465
13466
13471
13472
13476
13481
13486
13487
13489
13491
13492
13495
13499
13504
13506
13510
13512
13515
13524
13527
13529
13534
13537
13541
13544
13546
13552
13555
13558
13563
13565
13570
13571
13573
13577
13585
13592
13606
13607
13616
13617
13622
13623
13627
13628
13631
13635
13638
13639
13646
13650
13659
13663
13670
13672
13673
13675
13682
13684
13685
13690
13691
13692
13697
13702
13703
13705
13706
13709
13710
13711
13712
13713
13720
13721
13722
13723
13727
13733
13735
13738
13745
13754
13757
13765
13766
13768
13771
13776
13777
13780
13783
13793
13795
13797
13803
13806
13810
13813
13820
13823
13826
13836
13842
13846
13847
13849
13851
13852
13861
13862
13877
13879
13881
13885
13889
13895
13899
13905
13907
13909
13912
13914
13916
13919
13920
13925
13930
13932
13933
13934
13938
13939
13953
13956
13967
13976
13982
13984
13989
13992
13996
13997
13998
14008
14015
14016
14017
14032
14041
14043
14044
14045
14048
14050
14052
14055
14056
14058
14061
14073
14079
14084
14087
14091
14092
14095
14096
14101
14102
14103
14105
14108
14109
14111
14116
14117
14123
14145
14146
14147
14163
14166
14185
14194
14205
14206
14209
14212
14216
14217
14230
14237
14239
14241
14243
14247
14253
14256
14269
14271
14274
14276
14278
14281
14284
14294
14306
14307
14311
14314
14320
14329
14333
14339
14346
14350
14357
14366
14370
14375
14384
14385
14387
14388
14395
14396
14405
14407
14410
14412
14414
14419
14422
14425
14429
14431
14433
14437
14441
14448
14450
14468
14474
14478
14484
14494
14498
14505
14513
14514
14515
14520
14522
14525
14526
14527
14529
14532
14534
14539
14557
14570
14585
14589
14595
14601
14606
14618
14623
14628
14629
14638
14639
14643
14644
14647
14655
14656
14657
14661
14666
14669
14672
14675
14676
14685
14690
14694
14696
14697
14702
14703
14705
14716
14721
14726
14727
14729
14738
14751
14752
14760
14764
14766
14769
14770
14773
14782
14787
14792
14804
14808
14809
14821
14822
14827
14830
14836
14840
14841
14843
14845
14847
14849
14858
14861
14862
14863
14865
14866
14879
14885
14894
14897
14900
14901
14902
14903
14908
14910
14911
14913
14915
14920
14927
14929
14933
14936
14937
14939
14950
14964
14973
14980
14986
14989
14993
14995
14997
15001
15013
15015
15024
15036
15039
15050
15054
15057
15064
15065
15069
15073
15078
15085
15087
15088
15093
15102
15105
15106
15108
15122
15123
15128
15144
15151
15155
15156
15160
15163
15164
15168
15172
15183
15195
15201
15203
15205
15207
15208
15217
15220
15223
15225
15229
15230
15231
15232
15239
15241
15244
15249
15254
15255
15257
15259
15262
15263
15267
15271
15285
15289
15290
15302
15313
15315
15317
15319
15341
15345
15357
15359
15361
15376
15379
15387
15390
15391
15394
15396
15398
15403
15415
15419
15423
15427
15430
15431
15432
15435
15439
15441
15449
15454
15460
15466
15474
15481
15482
15483
15487
15489
15491
15502
15512
15513
15516
15517
15519
15523
15524
15525
15532
15539
15541
15542
15544
15549
15553
15555
15556
15557
15565
15567
15570
15571
15572
15578
15585
15589
15597
15603
15610
15614
15616
15618
15622
15624
15628
15629
15632
15638
15641
15644
15645
15649
15654
15655
15665
15666
15673
15674
15676
15679
15680
15684
15688
15689
15691
15700
15702
15704
15705
15707
15708
15709
15710
15718
15719
15721
15726
15728
15732
15734
15735
15736
15738
15739
15742
15748
15752
15755
15760
15762
15764
15767
15770
15783
15786
15788
15798
15799
15800
15804
15805
15806
15812
15821
15822
15825
15835
15836
15839
15853
15856
15858
15859
15860
15862
15864
15866
15872
15883
15885
15889
15900
15908
15914
15917
15924
15926
15932
15937
15940
15959
15960
15966
15967
15970
15973
15974
15975
15977
15983
15988
15991
15994
15996
15997
15999
16000
16002
16003
16005
16009
16011
16014
16022
16024
16026
16030
16033
16034
16037
16043
16044
16045
16047
16055
16060
16064
16066
16071
16072
16074
16076
16081
16088
16094
16103
16105
16108
16116
16120
16126
16132
16137
16141
16144
16147
16148
16150
16155
16175
16186
16188
16190
16195
16196
16198
16199
16201
16202
16203
16205
16208
16210
16216
16217
16220
16222
16225
16228
16241
16242
16243
16254
16258
16259
16265
16268
16281
16296
16298
16302
16303
16308
16315
16318
16319
16324
16349
16350
16353
16357
16373
16375
16379
16387
16390
16393
16399
16401
16408
16415
16417
16420
16421
16423
16431
16439
16452
16455
16460
16463
16469
16471
16474
16475
16478
16479
16484
16485
16489
16501
16503
16509
16515
16518
16520
16521
16523
16532
16538
16540
16543
16564
16582
16586
16591
16593
16605
16615
16620
16628
16629
16632
16653
16656
16658
16659
16665
16667
16674
16675
16677
16683
16684
16686
16689
16690
16691
16692
16696
16699
16700
16704
16705
16709
16710
16713
16715
16722
16736
16739
16740
16747
16750
16753
16760
16772
16777
16778
16779
16780
16782
16784
16787
16792
16798
16799
16807
16809
16813
16821
16824
16828
16835
16846
16848
16849
16854
16859
16864
16871
16875
16877
16878
16886
16894
16905
16908
16911
16914
16925
16934
16940
16943
16949
16956
16958
16962
16966
16974
16977
16978
16988
16992
17005
17007
17010
17013
17014
17017
17026
17028
17032
17034
17035
17037
17045
17050
17051
17055
17056
17058
17059
17064
17074
17080
17083
17084
17086
17093
17095
17096
17100
17102
17107
17108
17109
17118
17119
17120
17131
17136
17138
17139
17145
17152
17160
17165
17174
17180
17183
17198
17201
17204
17206
17208
17209
17223
17230
17239
17242
17246
17253
17254
17255
17256
17262
17269
17270
17296
17300
17308
17314
17318
17319
17320
17322
17325
17327
17331
17335
17336
17337
17340
17341
17347
17355
17365
17366
17373
17383
17394
17398
17401
17402
17404
17412
17415
17417
17421
17422
17432
17442
17446
17447
17454
17468
17470
17475
17476
17479
17493
17496
17500
17508
17512
17516
17518
17524
17530
17536
17541
17543
17544
17560
17562
17565
17567
17573
17580
17583
17584
17587
17588
17590
17592
17594
17598
17600
17606
17617
17622
17627
17636
17637
17641
17645
17647
17671
17672
17682
17683
17686
17689
17692
17700
17701
17709
17710
17713
17725
17727
17728
17729
17741
17746
17755
17761
17765
17768
17771
17773
17776
17784
17785
17789
17792
17801
17802
17803
17804
17809
17816
17820
17827
17829
17832
17836
17838
17839
17841
17848
17873
17875
17876
17883
17886
17887
17894
17898
17899
17918
17919
17925
17930
17932
17933
17935
17938
17943
17956
17958
17959
17962
17965
17966
17969
17970
17972
17983
17987
17989
17990
17999
18002
18007
18009
18013
18015
18019
18020
18024
18025
18026
18027
18038
18041
18047
18053
18063
18068
18069
18076
18080
18081
18087
18094
18101
18104
18107
18109
18113
18114
18121
18124
18125
18126
18137
18140
18142
18153
18159
18168
18170
18173
18180
18181
18184
18185
18186
18193
18197
18204
18205
18208
18209
18210
18213
18220
18222
18224
18228
18231
18232
18235
18238
18243
18247
18249
18254
18257
18258
18262
18267
18269
18270
18272
18277
18280
18282
18283
18293
18295
18298
18301
18312
18314
18317
18320
18329
18330
18332
18342
18344
18345
18346
18347
18348
18349
18360
18369
18370
18372
18380
18382
18383
18384
18385
18389
18391
18399
18400
18402
18403
18404
18411
18412
18417
18418
18421
18422
18423
18425
18427
18428
18432
18440
18441
18443
18445
18446
18450
18452
18455
18463
18464
18465
18466
18471
18473
18474
18476
18478
18480
18482
18499
18501
18503
18508
18517
18522
18524
18525
18526
18533
18537
18538
18546
18547
18548
18554
18557
18582
18585
18605
18606
18610
18618
18628
18636
18637
18638
18642
18644
18645
18648
18649
18652
18657
18659
18662
18665
18675
18677
18679
18682
18683
18691
18704
18707
18712
18716
18717
18721
18723
18728
18731
18735
18737
18738
18740
18743
18747
18751
18753
18756
18758
18759
18763
18764
18771
18772
18774
18777
18783
18784
18786
18792
18793
18797
18799
18804
18808
18809
18812
18813
18814
18817
18821
18822
18826
18827
18830
18833
18836
18837
18841
18843
18848
18857
18870
18872
18873
18874
18877
18879
18880
18881
18882
18889
18890
18893
18896
18898
18900
18906
18907
18910
18911
18913
18915
18917
18920
18924
18928
18930
18932
18933
18940
18942
18944
18945
18952
18956
18962
18979
18980
18987
18992
18993
18998
19005
19006
19008
19010
19011
19014
19015
19020
19021
19023
19030
19031
19034
19035
19036
19037
19039
19045
19046
19058
19060
19061
19063
19065
19070
19075
19077
19083
19086
19087
19094
19095
19096
19097
19099
19103
19105
19111
19112
19113
19116
19117
19119
19123
19125
19128
19135
19140
19142
19143
19151
19153
19156
19157
19160
19163
19170
19178
19181
19188
19201
19202
19203
19204
19207
19208
19211
19212
19215
19218
19220
19224
19226
19238
19241
19242
19243
19250
19251
19254
19257
19261
19262
19266
19274
19277
19281
19284
19287
19291
19293
19306
19308
19311
19314
19317
19318
19319
19322
19323
19324
19341
19342
19345
19346
19349
19350
19353
19354
19361
19377
19379
19382
19385
19387
19388
19392
19395
19404
19406
19408
19409
19411
19419
19424
19427
19428
19433
19434
19437
19438
19439
19440
19443
19454
19455
19462
19465
19467
19468
19473
19477
19480
19489
19490
19491
19492
19494
19496
19497
19499
19500
19504
19506
19515
19526
19529
19551
19553
19568
19570
19578
19581
19583
19585
19588
19590
19593
19596
19603
19609
19614
19616
19621
19623
19626
19641
19648
19650
19654
19659
19661
19664
19665
19673
19678
19680
19681
19701
19705
19708
19709
19712
19715
19718
19719
19720
19722
19723
19724
19728
19734
19735
19743
19745
19750
19757
19760
19762
19763
19768
19773
19776
19780
19783
19788
19792
19793
19794
19807
19809
19813
19814
19820
19828
19831
19832
19835
19841
19843
19847
19850
19854
19855
19862
19865
19874
19876
19891
19893
19896
19909
19911
19917
19925
19927
19937
19938
19941
19944
19946
19948
19951
19957
19958
19959
19961
19965
19966
19968
19969
19970
19971
19972
19974
19976
19977
19978
19981
19983
19984
19988
19991
19998
20000
20001
20002
20003
20004
20015
20017
20042
20043
20045
20050
20052
20053
20055
20057
20062
20063
20065
20068
20069
20076
20078
20079
20080
20083
20084
20087
20091
20096
20099
20104
20105
20116
20121
20132
20140
20143
20144
20147
20148
20153
20156
20165
20167
20168
20177
20179
20183
20190
20192
20196
20198
20205
20214
20217
20219
20225
20227
20228
20230
20233
20240
20247
20259
20261
20263
20264
20272
20274
20278
20301
20305
20310
20314
20323
20325
20326
20329
20340
20341
20348
20353
20356
20360
20361
20368
20374
20376
20378
20380
20390
20397
20399
20401
20409
20410
20417
20419
20420
20421
20429
20431
20441
20446
20447
20451
20453
20455
20456
20457
20459
20466
20469
20474
20481
20491
20495
20497
20508
20509
20514
20519
20521
20525
20528
20529
20531
20533
20546
20552
20560
20562
20563
20566
20568
20569
20577
20586
20594
20595
20600
20604
20614
20625
20628
20644
20647
20651
20656
20663
20666
20674
20676
20680
20681
20685
20692
20694
20695
20696
20698
20699
20704
20709
20712
20715
20718
20719
20720
20724
20728
20732
20741
20742
20744
20745
20746
20749
20751
20756
20757
20760
20766
20768
20772
20776
20779
20780
20781
20792
20798
20802
20804
20805
20806
20811
20812
20816
20828
20836
20838
20843
20845
20846
20850
20859
20860
20867
20874
20877
20886
20890
20893
20911
20913
20915
20917
20918
20925
20930
20934
20947
20952
20962
20964
20969
20971
20978
20980
20989
20995
21004
21006
21009
21013
21019
21021
21022
21030
21038
21040
21041
21044
21046
21055
21059
21067
21069
21070
21081
21085
21086
21090
21094
21096
21098
21099
21106
21109
21110
21111
21115
21117
21118
21119
21121
21122
21123
21127
21139
21156
21159
21163
21166
21169
21176
21177
21178
21181
21184
21192
21198
21201
21202
21206
21211
21213
21214
21219
21222
21224
21225
21231
21233
21235
21243
21246
21248
21249
21253
21254
21256
21258
21261
21264
21268
21275
21280
21281
21282
21286
21287
21293
21296
21298
21305
21308
21314
21316
21320
21321
21323
21324
21327
21331
21332
21334
21335
21336
21337
21338
21341
21343
21344
21350
21352
21354
21355
21359
21363
21365
21369
21374
21377
21387
21388
21389
21390
21392
21399
21404
21406
21407
21409
21424
21426
21434
21435
21438
21457
21461
21466
21467
21475
21487
21493
21502
21503
21505
21522
21529
21531
21536
21543
21547
21552
21560
21562
21564
21565
21567
21568
21573
21577
21580
21592
21594
21597
21600
21601
21602
21603
21605
21614
21623
21629
21632
21635
21639
21646
21650
21653
21662
21667
21670
21677
21687
21693
21698
21699
21701
21703
21717
21720
21733
21739
21745
21746
21748
21749
21755
21758
21760
21763
21769
21783
21787
21789
21790
21791
21793
21795
21798
21800
21802
21804
21820
21823
21828
21829
21835
21836
21841
21858
21859
21861
21862
21869
21870
21875
21877
21878
21889
21892
21895
21899
21901
21909
21910
21912
21918
21919
21920
21922
21925
21929
21930
21932
21935
21941
21942
21945
21946
21954
21956
21964
21966
21969
21973
21986
21987
21990
21992
21993
22000
22001
22007
22009
22026
22029
22030
22031
22033
22036
22038
22039
22041
22044
22045
22046
22050
22053
22055
22057
22058
22059
22060
22066
22067
22072
22077
22081
22083
22087
22090
22093
22095
22108
22109
22115
22120
22138
22141
22151
22154
22156
22164
22166
22168
22169
22171
22175
22183
22190
22191
22195
22203
22207
22208
22211
22216
22217
22221
22225
22229
22233
22234
22237
22243
22246
22248
22249
22257
22261
22262
22273
22285
22291
22296
22299
22300
22314
22321
22325
22330
22337
22340
22343
22345
22348
22351
22352
22353
22356
22358
22362
22363
22364
22367
22373
22377
22381
22401
22404
22407
22413
22425
22428
22431
22432
22435
22438
22443
22445
22447
22451
22458
22460
22468
22469
22470
22471
22475
22478
22481
22482
22486
22491
22496
22500
22508
22509
22512
22514
22522
22523
22529
22530
22535
22537
22539
22540
22547
22554
22555
22557
22559
22560
22562
22567
22570
22573
22574
22583
22586
22594
22599
22604
22614
22622
22626
22629
22638
22648
22655
22657
22661
22663
22666
22682
22683
22685
22690
22692
22696
22700
22703
22714
22719
22723
22724
22727
22729
22737
22738
22739
22743
22756
22758
22759
22764
22770
22778
22785
22788
22791
22793
22797
22801
22807
22808
22809
22812
22814
22817
22821
22823
22826
22830
22835
22839
22849
22852
22853
22855
22856
22863
22864
22868
22880
22882
22890
22899
22901
22910
22922
22932
22933
22934
22937
22940
22955
22957
22958
22959
22962
22966
22981
22995
23000
23009
23010
23011
23012
23015
23016
23025
23029
23030
23032
23039
23042
23044
23048
23049
23050
23056
23058
23065
23075
23077
23087
23090
23091
23092
23094
23095
23103
23107
23112
23120
23122
23127
23131
23133
23134
23145
23148
23149
23154
23166
23167
23172
23173
23175
23177
23179
23182
23189
23191
23197
23202
23203
23204
23207
23212
23213
23225
23227
23229
23231
23234
23237
23239
23243
23246
23249
23257
23261
23267
23273
23274
23277
23280
23288
23289
23290
23292
23295
23298
23300
23302
23310
23312
23316
23317
23326
23328
23331
23333
23334
23340
23341
23342
23347
23350
23352
23356
23358
23360
23368
23374
23375
23378
23383
23387
23391
23392
23400
23402
23408
23409
23410
23429
23435
23447
23448
23454
23456
23459
23471
23476
23477
23482
23483
23485
23493
23495
23496
23498
23500
23503
23508
23511
23514
23518
23523
23525
23526
23529
23538
23541
23544
23547
23549
23558
23565
23567
23573
23574
23575
23577
23578
23599
23603
23604
23608
23620
23625
23631
23635
23638
23640
23642
23645
23647
23662
23679
23694
23698
23699
23701
23705
23706
23711
23716
23723
23726
23728
23730
23735
23737
23742
23745
23746
23750
23753
23759
23771
23774
23776
23777
23782
23784
23789
23792
23796
23804
23806
23812
23818
23821
23825
23826
23829
23831
23840
23843
23860
23869
23872
23876
23879
23891
23893
23894
23896
23898
23900
23904
23907
23908
23912
23926
23927
23931
23933
23937
23948
23958
23965
23966
23970
23975
23976
23979
23983
23994
24003
24005
24008
24009
24018
24022
24023
24025
24037
24040
24047
24053
24055
24056
24061
24072
24076
24077
24079
24080
24081
24098
24101
24103
24104
24108
24109
24112
24121
24123
24132
24134
24136
24139
24140
24148
24151
24154
24158
24160
24163
24164
24166
24181
24184
24201
24209
24216
24221
24223
24232
24239
24243
24244
24252
24259
24263
24271
24276
24277
24281
24282
24289
24291
24295
24302
24303
24308
24311
24313
24316
24323
24325
24338
24351
24354
24363
24365
24368
24369
24373
24375
24381
24383
24394
24397
24401
24402
24403
24405
24406
24412
24414
24415
24417
24423
24427
24428
24433
24438
24439
24441
24445
24447
24456
24457
24460
24468
24469
24474
24475
24478
24482
24483
24493
24494
24505
24506
24509
24511
24515
24517
24523
24524
24530
24531
24537
24541
24552
24560
24563
24565
24571
24576
24587
24593
24595
24598
24602
24603
24608
24611
24613
24616
24617
24621
24626
24627
24632
24633
24634
24635
24638
24639
24647
24650
24651
24669
24676
24682
24691
24692
24697
24698
24703
24707
24712
24717
24718
24726
24733
24734
24741
24745
24746
24747
24751
24755
24758
24766
24768
24769
24772
24774
24796
24801
24804
24806
24809
24811
24812
24818
24819
24821
24825
24828
24830
24839
24843
24844
24847
24852
24857
24862
24879
24884
24892
24903
24904
24914
24915
24921
24926
24930
24936
24942
24943
24944
24949
24950
24953
24959
24964
24973
24976
24980
24989
24990
24991
24999
25000
25009
25011
25013
25022
25024
25031
25036
25042
25051
25054
25065
25067
25071
25073
25080
25081
25086
25092
25093
25094
25095
25102
25111
25114
25116
25117
25119
25120
25123
25135
25142
25143
25147
25148
25152
25161
25184
25187
25190
25191
25193
25205
25221
25225
25228
25242
25243
25244
25249
25254
25256
25258
25259
25264
25266
25272
25274
25275
25278
25279
25294
25296
25297
25303
25307
25316
25319
25320
25321
25322
25325
25328
25331
25332
25337
25339
25340
25351
25353
25354
25363
25365
25370
25374
25375
25381
25387
25399
25405
25410
25412
25419
25422
25424
25429
25430
25438
25449
25452
25458
25459
25460
25468
25473
25481
25484
25486
25488
25491
25495
25509
25515
25518
25519
25522
25524
25530
25538
25540
25542
25547
25552
25554
25564
25567
25572
25573
25577
25586
25589
25590
25594
25595
25600
25603
25611
25612
25613
25614
25617
25630
25640
25644
25648
25649
25650
25651
25652
25664
25667
25672
25673
25674
25676
25680
25681
25695
25699
25702
25705
25707
25708
25715
25716
25719
25720
25723
25725
25726
25730
25740
25743
25748
25756
25765
25769
25770
25774
25775
25776
25778
25783
25793
25798
25801
25805
25806
25812
25816
25820
25823
25827
25829
25832
25835
25840
25844
25855
25856
25857
25863
25864
25865
25866
25868
25871
25872
25874
25879
25881
25889
25890
25897
25901
25905
25906
25908
25917
25921
25922
25923
25925
25926
25928
25929
25933
25939
25940
25947
25951
25953
25959
25972
25977
25978
25979
25981
25984
25987
25997
26000
26001
26002
26003
26008
26010
26013
26017
26019
26023
26028
26030
26032
26037
26038
26040
26041
26042
26043
26053
26059
26061
26063
26067
26068
26080
26083
26084
26089
26091
26093
26098
26105
26115
26116
26126
26128
26140
26142
26145
26147
26150
26151
26155
26156
26162
26164
26166
26170
26181
26189
26195
26198
26200
26205
26211
26214
26217
26221
26231
26232
26233
26242
26245
26249
26255
26264
26267
26272
26274
26284
26290
26291
26292
26296
26297
26300
26303
26306
26307
26309
26312
26319
26326
26328
26329
26331
26336
26337
26343
26344
26345
26350
26359
26360
26362
26367
26368
26372
26376
26379
26387
26388
26391
26395
26401
26403
26405
26406
26410
26417
26422
26425
26428
26442
26443
26445
26446
26453
26454
26459
26463
26470
26472
26477
26485
26488
26489
26491
26492
26498
26503
26507
26509
26512
26514
26517
26518
26527
26533
26537
26541
26545
26560
26561
26569
26573
26577
26579
26580
26585
26589
26594
26596
26600
26614
26616
26618
26621
26627
26631
26634
26640
26644
26646
26654
26656
26660
26666
26669
26671
26683
26685
26695
26696
26703
26705
26708
26709
26712
26716
26717
26718
26719
26721
26723
26729
26732
26734
26744
26745
26764
26766
26774
26775
26778
26782
26787
26788
26789
26799
26802
26803
26808
26811
26815
26821
26836
26838
26839
26849
26855
26867
26872
26874
26878
26881
26887
26894
26897
26906
26908
26914
26916
26918
26920
26937
26948
26950
26951
26952
26953
26956
26960
26967
26973
26974
26983
26987
26988
26993
26994
27001
27002
27004
27005
27006
27023
27029
27032
27036
27037
27047
27049
27050
27051
27055
27056
27059
27060
27064
27067
27074
27075
27086
27087
27090
27091
27096
27102
27106
27109
27111
27112
27113
27119
27121
27124
27125
27131
27145
27150
27153
27158
27168
27183
27184
27191
27192
27194
27195
27201
27205
27210
27211
27212
27220
27221
27222
27224
27230
27241
27243
27253
27257
27260
27262
27287
27291
27292
27304
27305
27310
27312
27315
27325
27330
27333
27336
27339
27350
27359
27360
27362
27367
27376
27388
27392
27394
27404
27411
27415
27417
27419
27420
27422
27425
27430
27434
27437
27438
27439
27445
27450
27461
27462
27474
27479
27480
27482
27484
27486
27487
27488
27496
27499
27500
27501
27503
27508
27509
27511
27512
27514
27518
27523
27525
27533
27539
27541
27543
27545
27558
27560
27562
27566
27569
27570
27571
27573
27577
27580
27582
27585
27586
27589
27590
27591
27593
27594
27600
27603
27604
27605
27609
27610
27612
27619
27622
27624
27626
27633
27634
27642
27643
27648
27653
27664
27667
27670
27673
27676
27680
27686
27690
27691
27698
27701
27705
27711
27721
27723
27726
27734
27737
27739
27741
27746
27747
27748
27749
27750
27752
27759
27760
27761
27763
27766
27768
27771
27772
27781
27783
27787
27789
27792
27795
27800
27803
27805
27817
27818
27823
27824
27827
27828
27829
27833
27834
27840
27842
27843
27855
27856
27863
27876
27877
27879
27882
27889
27891
27894
27900
27901
27903
27905
27911
27913
27922
27931
27932
27941
27945
27952
27960
27975
27981
27989
27996
27997
28001
28004
28005
28008
28009
28011
28017
28025
28031
28032
28033
28042
28044
28045
28046
28047
28048
28049
28050
28053
28054
28057
28065
28068
28069
28070
28071
28075
28089
28091
28092
28094
28104
28112
28113
28117
28118
28119
28122
28128
28130
28135
28143
28145
28151
28154
28155
28156
28158
28164
28167
28169
28171
28172
28174
28184
28186
28189
28190
28191
28193
28196
28197
28199
28203
28208
28215
28216
28218
28223
28226
28227
28233
28234
28236
28237
28238
28240
28244
28252
28253
28258
28273
28281
28285
28292
28296
28301
28305
28306
28312
28322
28327
28328
28330
28337
28339
28346
28351
28355
28357
28360
28369
28372
28384
28387
28388
28390
28391
28397
28401
28403
28404
28405
28407
28422
28423
28424
28428
28433
28450
28452
28461
28472
28473
28482
28483
28487
28489
28493
28494
28502
28507
28512
28515
28516
28517
28529
28530
28536
28545
28551
28553
28554
28558
28560
28561
28563
28566
28569
28573
28574
28577
28580
28584
28586
28589
28590
28591
28592
28594
28595
28598
28605
28610
28611
28616
28619
28624
28634
28635
28638
28640
28656
28657
28660
28662
28664
28670
28675
28676
28678
28679
28682
28685
28694
28696
28703
28706
28708
28709
28710
28711
28713
28716
28719
28726
28730
28748
28752
28753
28756
28768
28776
28779
28783
28785
28790
28792
28794
28796
28803
28806
28819
28825
28835
28836
28839
28842
28843
28846
28852
28864
28865
28866
28870
28872
28878
28881
28882
28888
28891
28894
28901
28902
28907
28913
28914
28916
28919
28920
28921
28928
28938
28940
28952
28955
28969
28973
28974
28975
28976
28979
28983
28993
28994
28995
29000
29004
29008
29013
29015
29024
29030
29031
29044
29046
29048
29053
29054
29055
29057
29060
29061
29069
29072
29073
29076
29081
29082
29094
29096
29103
29107
29113
29117
29119
29122
29129
29133
29145
29152
29155
29157
29163
29167
29170
29175
29179
29186
29188
29191
29192
29194
29200
29201
29206
29211
29218
29221
29223
29227
29232
29237
29238
29247
29265
29271
29273
29278
29279
29282
29286
29296
29297
29301
29307
29312
29316
29318
29322
29324
29325
29338
29346
29349
29351
29354
29371
29372
29373
29380
29381
29385
29389
29392
29394
29400
29401
29403
29409
29411
29415
29416
29418
29422
29438
29442
29443
29448
29451
29458
29459
29463
29467
29469
29474
29475
29478
29483
29489
29490
29494
29501
29503
29505
29506
29508
29518
29522
29527
29531
29535
29536
29539
29546
29547
29554
29556
29560
29561
29565
29574
29577
29580
29586
29589
29595
29599
29600
29604
29608
29613
29615
29617
29623
29624
29628
29634
29641
29643
29646
29650
29654
29667
29673
29678
29680
29681
29684
29685
29693
29697
29698
29701
29707
29708
29720
29722
29724
29734
29735
29736
29742
29750
29752
29753
29754
29757
29758
29761
29762
29766
29767
29770
29777
29781
29791
29792
29803
29807
29815
29817
29818
29823
29825
29827
29829
29830
29832
29838
29839
29851
29865
29869
29870
29872
29877
29878
29879
29880
29882
29894
29896
29905
29908
29909
29910
29914
29918
29929
29934
29940
29943
29946
29947
29951
29952
29954
29958
29961
29964
29969
29970
29974
29975
29976
29977
29984
29986
29990
29994
29996
29999
30000
30001
30004
30005
30008
30010
30019
30021
30024
30030
30034
30041
30044
30047
30048
30049
30054
30062
30063
30066
30067
30070
30071
30074
30078
30082
30083
30086
30092
30094
30097
30101
30102
30124
30126
30131
30137
30142
30143
30148
30151
30154
30158
30162
30168
30171
30172
30173
30175
30176
30178
30179
30191
30196
30201
30203
30204
30214
30217
30222
30230
30233
30240
30242
30258
30262
30263
30264
30265
30268
30276
30286
30290
30291
30296
30306
30309
30311
30318
30323
30324
30326
30328
30338
30339
30343
30350
30351
30352
30353
30366
30369
30378
30383
30384
30386
30400
30403
30411
30413
30418
30420
30421
30427
30431
30432
30435
30447
30448
30454
30459
30462
30463
30465
30470
30471
30473
30476
30478
30481
30482
30485
30486
30487
30490
30492
30493
30495
30501
30506
30508
30509
30518
30519
30524
30527
30528
30532
30533
30534
30535
30546
30548
30549
30550
30551
30553
30560
30561
30562
30567
30568
30574
30575
30576
30580
30581
30583
30585
30589
30593
30595
30602
30607
30610
30612
30613
30615
30618
30624
30628
30636
30647
30653
30654
30655
30656
30661
30669
30670
30671
30673
30674
30679
30688
30693
30695
30703
30709
30710
30714
30715
30719
30720
30724
30730
30731
30738
30745
30747
30751
30753
30760
30762
30769
30770
30772
30780
30781
30783
30789
30792
30800
30805
30806
30808
30810
30811
30816
30825
30829
30834
30835
30837
30839
30844
30848
30852
30854
30858
30862
30865
30872
30878
30882
30883
30884
30891
30893
30895
30901
30913
30917
30919
30921
30929
30933
30934
30945
30948
30950
30951
30959
30961
30962
30963
30964
30966
30974
30975
30982
30989
31005
31007
31008
31010
31011
31015
31018
31019
31020
31024
31045
31047
31048
31053
31057
31060
31061
31062
31065
31068
31069
31071
31074
31075
31076
31082
31083
31085
31088
31092
31103
31105
31108
31115
31116
31117
31120
31127
31136
31156
31157
31168
31171
31175
31176
31182
31183
31187
31202
31203
31206
31207
31214
31218
31219
31237
31241
31242
31248
31256
31263
31268
31270
31272
31273
31274
31276
31280
31282
31285
31293
31295
31299
31300
31304
31306
31313
31317
31319
31325
31327
31331
31336
31338
31339
31343
31347
31350
31351
31353
31360
31364
31368
31373
31374
31376
31378
31381
31384
31389
31394
31400
31401
31407
31410
31418
31421
31428
31431
31432
31438
31440
31447
31450
31453
31467
31475
31477
31482
31484
31496
31515
31519
31524
31525
31529
31533
31536
31546
31558
31562
31569
31572
31577
31591
31605
31607
31611
31620
31623
31625
31627
31629
31634
31636
31639
31641
31643
31644
31652
31653
31659
31665
31666
31667
31672
31675
31681
31683
31686
31691
31697
31698
31700
31711
31725
31738
31741
31747
31753
31756
31760
31768
31776
31779
31782
31789
31792
31798
31804
31805
31806
31807
31811
31816
31819
31831
31832
31839
31841
31847
31857
31861
31866
31877
31881
31886
31887
31888
31896
31900
31902
31908
31911
31912
31913
31914
31915
31916
31922
31924
31930
31931
31932
31936
31939
31940
31943
31946
31949
31957
31959
31964
31969
31973
31976
31985
31990
31993
31997
31998
31999
32004
32017
32029
32031
32036
32040
32042
32043
32046
32049
32053
32059
32061
32063
32064
32071
32080
32087
32088
32090
32102
32105
32111
32112
32116
32120
32138
32148
32161
32163
32170
32172
32186
32199
32211
32218
32221
32223
32224
32232
32233
32245
32248
32252
32253
32256
32265
32270
32273
32274
32277
32283
32285
32290
32296
32303
32311
32319
32326
32333
32334
32341
32343
32349
32360
32363
32364
32374
32377
32378
32383
32385
32387
32388
32391
32392
32397
32399
32400
32401
32402
32406
32407
32411
32415
32422
32425
32441
32443
32451
32454
32459
32460
32463
32466
32476
32480
32482
32492
32497
32499
32502
32507
32508
32510
32515
32517
32521
32526
32530
32531
32532
32537
32539
32541
32548
32549
32553
32554
32560
32564
32565
32566
32569
32574
32577
32582
32589
32591
32593
32596
32601
32610
32616
32624
32625
32628
32629
32636
32638
32642
32648
32652
32655
32659
32664
32666
32670
32681
32686
32687
32694
32701
32703
32704
32708
32716
32720
32723
32729
32730
32732
32736
32745
32747
32749
32750
32751
32762
32770
32774
32775
32784
32785
32792
32803
32805
32815
32816
32821
32829
32833
32834
32836
32842
32843
32850
32855
32856
32858
32866
32871
32877
32879
32883
32886
32888
32892
32898
32907
32915
32917
32918
32927
32933
32941
32943
32947
32952
32959
32965
32967
32968
32970
32971
32972
32973
32975
32988
32999
33001
33009
33015
33017
33018
33024
33034
33045
33049
33053
33059
33060
33062
33066
33069
33080
33084
33085
33089
33090
33093
33095
33101
33102
33106
33108
33109
33110
33121
33123
33124
33125
33127
33140
33145
33146
33154
33160
33166
33168
33169
33181
33184
33188
33189
33194
33197
33202
33204
33209
33212
33223
33233
33234
33243
33247
33248
33250
33252
33256
33260
33264
33271
33272
33274
33277
33283
33287
33290
33291
33292
33295
33296
33300
33312
33317
33318
33323
33326
33329
33347
33355
33360
33364
33365
33369
33371
33374
33383
33387
33390
33391
33392
33393
33394
33403
33405
33409
33422
33423
33425
33426
33428
33430
33435
33437
33440
33444
33448
33449
33451
33453
33459
33460
33463
33465
33466
33471
33475
33476
33479
33492
33497
33500
33502
33503
33505
33508
33511
33517
33522
33524
33526
33534
33538
33540
33544
33550
33564
33578
33581
33583
33590
33595
33606
33607
33617
33622
33623
33625
33629
33630
33635
33653
33654
33659
33661
33662
33663
33667
33671
33675
33680
33682
33687
33696
33701
33705
33707
33710
33712
33716
33718
33725
33729
33736
33746
33754
33761
33766
33767
33768
33772
33774
33777
33778
33780
33781
33782
33788
33789
33794
33804
33806
33811
33819
33821
33824
33825
33832
33851
33853
33857
33859
33863
33867
33875
33881
33900
33908
33911
33915
33918
33924
33928
33930
33938
33946
33951
33957
33960
33962
33971
33974
33978
33980
33981
33986
33989
33994
34009
34010
34028
34036
34038
34041
34045
34047
34048
34050
34051
34052
34054
34064
34069
34075
34081
34086
34091
34092
34099
34103
34104
34105
34111
34116
34123
34128
34129
34131
34135
34136
34138
34140
34141
34144
34150
34152
34153
34166
34172
34176
34180
34181
34182
34184
34186
34187
34188
34189
34200
34204
34217
34218
34224
34227
34230
34233
34239
34243
34252
34253
34255
34257
34260
34276
34280
34288
34290
34293
34298
34299
34301
34302
34304
34309
34310
34315
34319
34323
34328
34329
34330
34333
34341
34343
34347
34353
34354
34363
34368
34372
34378
34383
34387
34389
34401
34405
34410
34416
34419
34420
34426
34428
34445
34451
34453
34459
34463
34465
34467
34470
34472
34482
34488
34490
34497
34499
34505
34506
34515
34516
34528
34529
34535
34544
34546
34557
34559
34560
34563
34564
34566
34572
34575
34576
34584
34585
34589
34590
34591
34592
34596
34599
34600
34604
34606
34614
34617
34619
34620
34623
34630
34635
34637
34640
34642
34643
34647
34649
34655
34657
34660
34661
34665
34667
34669
34671
34673
34674
34675
34677
34678
34679
34681
34685
34688
34691
34694
34696
34699
34701
34702
34705
34707
34713
34714
34715
34725
34726
34731
34736
34740
34742
34743
34746
34752
34753
34755
34757
34763
34764
34773
34775
34778
34783
34789
34797
34799
34802
34804
34805
34810
34814
34816
34823
34837
34839
34841
34842
34844
34848
34849
34861
34864
34866
34874
34877
34878
34880
34881
34882
34889
34890
34894
34898
34899
34908
34910
34915
34916
34925
34927
34928
34934
34937
34939
34941
34944
34953
34954
34957
34959
34966
34970
34972
34975
34980
34985
34992
34995
34998
34999
35001
35020
35022
35024
35025
35026
35030
35035
35040
35047
35048
35049
35054
35056
35059
35064
35072
35075
35080
35082
35083
35089
35095
35100
35102
35103
35109
35118
35121
35124
35137
35140
35143
35148
35151
35152
35154
35155
35156
35158
35161
35167
35170
35171
35173
35181
35184
35190
35192
35196
35200
35202
35207
35211
35215
35216
35218
35221
35224
35235
35239
35244
35245
35246
35251
35254
35256
35258
35259
35266
35267
35269
35273
35280
35288
35290
35294
35296
35297
35298
35299
35304
35308
35310
35313
35325
35330
35334
35340
35349
35350
35363
35364
35366
35377
35386
35393
35399
35401
35402
35406
35418
35420
35432
35434
35438
35445
35446
35449
35450
35471
35472
35481
35485
35486
35488
35506
35517
35519
35521
35523
35528
35537
35541
35552
35553
35554
35556
35558
35561
35568
35571
35575
35579
35582
35586
35588
35594
35596
35607
35608
35613
35622
35623
35625
35627
35628
35629
35630
35631
35635
35636
35648
35656
35658
35662
35666
35667
35678
35680
35684
35686
35696
35698
35700
35701
35702
35704
35707
35710
35715
35716
35719
35733
35743
35748
35752
35753
35755
35759
35760
35762
35764
35765
35767
35769
35770
35771
35779
35780
35790
35792
35797
35798
35799
35805
35807
35810
35812
35814
35816
35822
35824
35835
35838
35840
35844
35849
35860
35863
35864
35866
35870
35874
35883
35884
35888
35889
35894
35896
35900
35901
35903
35904
35905
35908
35912
35916
35923
35925
35935
35938
35946
35948
35950
35958
35960
35961
35976
35988
35990
35992
35999
36007
36009
36013
36016
36021
36023
36024
36027
36028
36030
36033
36044
36053
36055
36058
36059
36060
36075
36082
36102
36115
36116
36118
36129
36134
36137
36140
36147
36152
36158
36159
36164
36165
36166
36171
36174
36175
36176
36178
36179
36181
36184
36186
36187
36193
36198
36199
36203
36207
36208
36216
36227
36228
36229
36231
36242
36255
36265
36266
36269
36270
36271
36290
36293
36305
36306
36308
36311
36312
36315
36322
36323
36329
36334
36336
36340
36342
36348
36350
36356
36359
36360
36362
36363
36376
36382
36383
36387
36390
36397
36398
36403
36404
36405
36407
36408
36413
36420
36422
36423
36426
36431
36435
36436
36443
36446
36453
36458
36461
36462
36464
36468
36470
36482
36484
36486
36488
36490
36494
36501
36509
36515
36526
36527
36528
36529
36530
36532
36542
36545
36546
36547
36549
36553
36559
36560
36567
36570
36572
36574
36583
36584
36586
36587
36588
36594
36598
36599
36602
36604
36606
36607
36608
36613
36614
36615
36619
36622
36625
36629
36631
36640
36644
36653
36662
36663
36671
36672
36674
36675
36677
36684
36688
36692
36698
36699
36704
36708
36717
36719
36722
36725
36733
36737
36739
36744
36747
36751
36755
36760
36764
36769
36770
36771
36773
36774
36777
36778
36780
36781
36790
36792
36796
36800
36801
36802
36804
36806
36812
36819
36823
36824
36827
36834
36836
36840
36841
36843
36844
36856
36862
36866
36867
36869
36874
36880
36882
36883
36884
36886
36890
36892
36897
36904
36905
36909
36915
36920
36925
36929
36933
36936
36945
36948
36950
36959
36961
36975
36987
36991
36993
36995
36997
36998
37000
