44
49
67
78
186
194
214
232
238
263
291
295
369
553
578
647
760
862
905
928
1073
1100
1124
1163
1176
1264
1275
1297
1376
1468
1485
1500
1635
1692
1834
1949
1960
2013
2092
2103
2285
2294
2296
2330
2374
2455
2479
2628
2645
2685
2706
2726
2852
2901
2934
2981
3004
3100
3146
3149
3209
3248
3280
3368
3490
3623
3641
3646
3695
3726
3743
3752
3819
3853
3862
3886
3899
3937
3955
3969
4044
4053
4105
4130
4144
4204
4259
4291
4555
4734
4842
4848
4934
5005
5015
5042
5073
5199
5203
5353
5394
5433
5435
5482
5569
5604
5607
5619
5647
5767
5888
6068
6091
6101
6154
6277
6306
6336
6488
6521
6524
6533
6605
6615
6770
6791
6812
6943
6998
7005
7074
7088
7113
7237
7278
7349
7424
7431
7440
7462
7463
7510
7523
7575
7598
7633
7689
7786
7913
7950
8017
8206
8222
8352
8445
8611
8711
8740
8802
8949
8978
8998
9154
9177
9179
9250
9271
9345
9394
9420
9431
9484
9634
9636
9666
9706
9759
9765
9830
9923
9982
10040
10082
10091
10147
10208
10237
10281
10342
10346
10535
10547
10560
10583
10588
10598
10644
10733
10759
10822
10918
10954
10963
10983
11013
11024
11075
11102
11129
11259
11269
11296
11393
11419
11427
11442
11530
11724
11745
11798
11804
11824
11871
11939
12034
12093
12195
12227
12297
12306
12309
12314
12351
12365
12414
12494
12631
12672
12693
12724
12755
12810
12872
12920
12921
12929
13030
13128
13148
13169
13201
13245
13258
13271
13406
13491
13524
13627
13644
13733
13734
13803
13834
13849
13902
13912
13957
14123
14157
14329
14389
14400
14415
14430
14441
14554
14563
14567
14729
14815
14833
14850
14891
14900
14903
14908
14945
14973
15012
15067
15075
15125
15132
15196
15367
15442
15561
15567
15585
15674
15734
15747
15762
15799
15843
15882
16003
16148
16205
16222
16298
16373
16420
16445
16478
16606
16656
16669
16681
16739
16817
16846
16883
16908
17056
17085
17088
17094
17119
17121
17160
17192
17223
17254
17293
17295
17334
17398
17446
17460
17480
17493
17643
17647
17755
17801
17814
17934
18002
18012
18053
18161
18170
18180
18202
18231
18387
18398
18422
18448
18507
18525
18548
18585
18629
18778
19006
19008
19013
19081
19090
19200
19319
19338
19349
19398
19427
19429
19490
19492
19539
19608
19708
19723
19824
19827
19838
19850
19877
19906
19943
19961
19970
19978
20053
20065
20105
20209
20294
20340
20368
20458
20572
20629
20639
20759
20780
20805
20836
20846
20897
20926
21068
21152
21178
21189
21331
21339
21409
21567
21693
21694
21699
21775
21788
21813
21931
21970
21974
22036
22046
22072
22187
22209
22251
22300
22311
22399
22403
22441
22470
22494
22591
22636
22683
22783
22835
22872
22932
23002
23042
23044
23177
23308
23323
23370
23560
23569
23596
23615
23618
23649
23746
23857
23891
23914
23936
23974
24081
24154
24243
24314
24344
24406
24457
24537
24549
24587
24632
24671
24704
24707
24793
24873
24893
24933
24936
24943
24980
25009
25011
25037
25130
25137
25161
25225
25275
25336
25366
25538
25760
25853
25886
25902
26032
26138
26140
26147
26182
26275
26299
26312
26331
26424
26458
26505
26517
26542
26594
26605
26712
26873
26926
26988
27006
27050
27072
27086
27127
27222
27239
27261
27337
27350
27369
27404
27444
27445
27543
27632
27705
27712
27766
27795
27826
27931
28056
28069
28078
28223
28244
28248
28327
28339
28373
28459
28520
28566
28879
28888
28902
28927
28955
29052
29196
29295
29338
29592
29594
29646
29702
29735
29736
29750
29770
30048
30074
30081
30107
30112
30123
30168
30228
30323
30339
30365
30452
30474
30558
30701
30709
30837
30872
30884
30984
30996
31024
31030
31142
31174
31203
31215
31223
31241
31288
31411
31579
31594
31629
31698
31867
31947
31978
32017
32051
32106
32110
32130
32236
32245
32306
32424
32588
32618
32624
32689
32834
32852
32874
32907
32923
32976
33018
33082
33095
33147
33150
33322
33345
33384
33435
33479
33491
33500
33616
33758
33851
33917
34036
34097
34104
34199
34212
34227
34249
34376
34404
34446
34472
34499
34514
34528
34610
34661
34697
34840
34856
34882
34905
34977
35020
35035
35075
35192
35267
35296
35313
35330
35363
35366
35401
35431
35532
35567
35646
35662
35694
35770
35835
35950
35975
36013
36072
36202
36275
36291
36435
36498
36503
36520
36654
36660
36725
36733
36843
36909
36929
36983
37000
