75
79
116
161
202
210
223
249
262
341
356
368
385
399
403
415
459
463
482
505
510
569
639
646
660
756
781
782
802
812
884
904
948
960
962
997
1035
1045
1058
1097
1245
1258
1295
1489
1513
1517
1605
1615
1623
1636
1638
1643
1678
1687
1719
1772
1807
1859
1861
1889
1950
1997
2024
2048
2094
2126
2156
2186
2195
2211
2281
2282
2321
2453
2462
2473
2475
2510
2566
2629
2632
2739
2759
2817
2825
2842
2851
2875
2876
2891
2949
3030
3050
3053
3095
3123
3170
3192
3219
3222
3229
3254
3270
3287
3331
3367
3384
3389
3397
3412
3420
3425
3495
3545
3593
3711
3724
3746
3763
3765
3770
3771
3793
3801
3837
3861
3876
3914
3935
3936
3952
3971
4028
4042
4063
4070
4087
4139
4149
4231
4252
4315
4353
4364
4383
4410
4451
4493
4501
4506
4533
4568
4572
4579
4595
4597
4630
4752
4763
4809
4821
4855
4859
4895
4937
4957
4960
4999
5030
5054
5136
5139
5345
5408
5445
5480
5505
5538
5573
5575
5581
5582
5588
5614
5662
5711
5721
5756
5796
5883
5917
5985
6108
6168
6195
6200
6216
6249
6267
6304
6359
6458
6460
6543
6581
6594
6633
6644
6657
6658
6703
6754
6800
6813
6861
6923
6987
7038
7048
7067
7181
7203
7231
7305
7314
7344
7432
7441
7465
7470
7558
7568
7577
7582
7651
7686
7692
7695
7761
7777
7893
7945
7954
7993
8084
8143
8188
8214
8231
8276
8383
8409
8416
8430
8443
8448
8453
8499
8521
8557
8585
8609
8618
8632
8658
8678
8715
8758
8790
8791
8801
8807
8846
8858
8861
8935
8938
9090
9106
9139
9162
9206
9230
9246
9270
9312
9314
9356
9390
9435
9452
9516
9537
9579
9596
9607
9621
9630
9651
9671
9685
9699
9726
9753
9798
9870
9896
9940
9943
9970
9991
10043
10052
10057
10080
10138
10196
10210
10258
10315
10317
10331
10343
10395
10416
10432
10444
10473
10479
10489
10508
10518
10570
10578
10608
10617
10635
10651
10675
10781
10806
10809
10814
10823
10842
10908
10925
10941
10945
11062
11078
11112
11188
11191
11230
11231
11233
11258
11267
11281
11315
11356
11372
11389
11441
11448
11479
11545
11578
11589
11613
11646
11658
11659
11688
11698
11829
11926
11927
11938
11968
11980
12019
12030
12052
12100
12152
12162
12196
12207
12220
12229
12239
12336
12358
12368
12370
12402
12419
12432
12438
12469
12520
12612
12618
12656
12681
12714
12756
12817
12830
12835
12841
12845
12863
12871
12886
12943
12978
13051
13065
13070
13111
13141
13166
13219
13269
13276
13315
13344
13383
13387
13403
13438
13448
13489
13504
13505
13556
13639
13668
13670
13673
13707
13712
13722
13725
13826
13847
13938
13998
14027
14045
14054
14073
14079
14133
14138
14152
14223
14233
14254
14259
14278
14366
14375
14387
14436
14566
14585
14605
14666
14735
14783
14804
14829
14835
14902
14979
14989
15014
15113
15119
15142
15195
15232
15242
15273
15292
15295
15394
15411
15491
15540
15614
15629
15654
15655
15658
15723
15746
15793
15802
15858
15881
15935
15937
15940
15966
15973
16011
16026
16048
16099
16155
16172
16210
16217
16281
16428
16432
16489
16512
16550
16613
16674
16675
16814
16835
16915
16949
16966
16978
16992
17010
17034
17080
17082
17117
17183
17197
17199
17224
17298
17318
17319
17351
17365
17495
17545
17555
17586
17602
17617
17626
17628
17638
17642
17745
17785
17806
17827
17859
17874
17942
17962
18010
18013
18042
18043
18044
18047
18070
18080
18104
18175
18191
18208
18242
18257
18339
18362
18368
18381
18392
18473
18521
18552
18625
18714
18717
18839
18930
18942
18956
18962
19014
19022
19031
19061
19079
19080
19099
19119
19123
19169
19183
19242
19250
19251
19311
19320
19440
19454
19500
19578
19590
19627
19722
19734
19765
19809
19832
19835
19862
19868
19940
19949
19959
20008
20013
20047
20050
20101
20114
20144
20165
20170
20201
20261
20312
20317
20353
20371
20419
20446
20453
20498
20501
20554
20600
20608
20627
20654
20671
20718
20757
20760
20772
20810
20845
20867
20870
20874
20994
21034
21063
21069
21099
21119
21125
21128
21181
21184
21202
21221
21233
21255
21258
21259
21297
21312
21377
21378
21389
21393
21418
21424
21529
21546
21559
21564
21685
21724
21749
21756
21769
21882
21908
21932
22007
22039
22053
22108
22113
22126
22181
22186
22266
22317
22344
22416
22435
22465
22487
22488
22498
22505
22506
22508
22521
22522
22537
22559
22597
22696
22725
22731
22771
22786
22788
22839
22852
22853
22863
22868
22873
22933
22981
23062
23071
23138
23142
23154
23170
23248
23249
23274
23296
23306
23320
23356
23368
23376
23381
23415
23425
23482
23496
23584
23631
23635
23716
23730
23759
23831
23869
23894
24005
24014
24020
24025
24041
24079
24147
24165
24223
24300
24365
24447
24469
24476
24483
24491
24524
24534
24591
24648
24659
24717
24726
24728
24752
24766
24769
24847
24907
24910
24973
24997
25024
25094
25105
25147
25280
25298
25314
25331
25375
25383
25430
25449
25468
25485
25525
25540
25552
25570
25596
25611
25644
25673
25679
25694
25737
25743
25829
25855
25865
25879
25922
25951
25969
26003
26019
26024
26123
26150
26159
26161
26189
26200
26273
26290
26334
26337
26365
26376
26422
26425
26450
26453
26493
26510
26656
26740
26753
26796
26808
26855
26885
26897
26914
27094
27100
27111
27157
27165
27230
27256
27263
27313
27336
27407
27425
27479
27590
27633
27634
27671
27682
27701
27724
27735
27745
27768
27791
27800
27820
27873
27927
27986
28011
28032
28085
28101
28164
28166
28228
28283
28337
28360
28387
28457
28527
28552
28576
28678
28680
28682
28786
28806
28816
28842
28846
28880
28884
28914
28926
28940
28942
28944
28969
28971
28994
29000
29001
29025
29044
29106
29167
29200
29236
29297
29299
29302
29404
29431
29463
29494
29509
29522
29537
29546
29559
29623
29637
29641
29685
29856
29869
29902
29921
29966
29974
29977
29981
30030
30044
30071
30082
30137
30170
30268
30373
30389
30390
30406
30418
30420
30460
30467
30473
30482
30488
30533
30623
30702
30794
30796
30854
30893
30901
30918
30929
30976
31010
31016
31019
31085
31092
31149
31210
31268
31269
31280
31295
31401
31410
31412
31433
31463
31470
31492
31505
31566
31580
31591
31596
31605
31606
31625
31627
31643
31761
31767
31772
31784
31866
31890
31922
31928
31993
32040
32046
32061
32087
32105
32170
32220
32256
32297
32333
32343
32350
32391
32410
32420
32439
32451
32475
32511
32516
32541
32571
32602
32645
32682
32700
32793
32805
32855
32856
32881
32883
32937
32965
33019
33024
33041
33244
33256
33257
33280
33300
33306
33347
33368
33390
33597
33617
33629
33685
33710
33736
33819
33856
33876
33911
33918
33921
34026
34051
34052
34057
34060
34068
34070
34102
34161
34164
34194
34280
34285
34292
34298
34311
34343
34349
34412
34467
34532
34600
34608
34633
34656
34677
34678
34691
34734
34789
34816
34821
34839
34983
34985
34999
35019
35047
35073
35099
35100
35119
35156
35195
35273
35320
35377
35396
35422
35465
35503
35629
35635
35728
35747
35755
35773
35776
35787
35816
35822
35895
35923
35925
35958
35990
35993
35999
36037
36066
36132
36144
36238
36266
36293
36297
36327
36332
36342
36343
36376
36398
36467
36517
36553
36604
36606
36672
36734
36740
36744
36750
36751
36767
36778
36791
36818
36823
36831
36865
36867
36886
36892
36961
36991
