67
183
299
748
808
856
1038
1077
1131
1274
1485
1764
2639
2723
2852
2985
3008
3014
3092
3641
3670
3805
3859
3904
4019
4280
4517
4686
4774
4792
4972
5353
5452
5504
5626
5709
5926
6101
6335
6384
6387
6451
6640
6779
7005
7023
7217
7522
7617
7667
7949
8062
8121
8139
8219
8242
8283
8327
8394
8520
8603
8615
8679
8827
8884
9358
9364
9570
9582
9657
9668
9797
9894
9932
10136
10222
10268
10325
10526
10666
10917
10952
11007
11111
11166
11387
11582
11654
11779
11879
11934
11970
11984
12034
12140
12296
12467
13063
13130
13257
13466
13530
13539
13803
13879
14031
14124
14310
14441
15100
15267
15396
15415
15574
15735
15762
15788
15895
16195
16285
16337
16546
16624
16686
16730
16799
16846
17040
17394
17516
17622
17647
17900
17980
18740
18817
18944
19053
19288
19539
20255
20677
20694
20891
21392
21602
21608
21691
21945
22033
22165
22169
22438
22594
22604
22622
22636
22667
22858
23289
23343
23387
23671
24276
24376
24671
24747
24863
24892
25071
25073
25271
25374
25387
25421
25522
25640
25711
25728
25770
25863
26006
26347
26509
26591
26606
26715
26805
26878
26907
26925
27088
27454
27552
27721
27944
27961
28036
28249
28278
28303
28459
29100
29157
29254
29785
30732
30785
31075
31489
31620
31636
31870
31946
32088
32257
32297
32448
32465
32636
32716
32783
32896
32918
33094
33670
33688
34080
34084
34115
34385
34398
34483
34494
34528
34563
34584
34685
34727
34878
34953
34987
35192
35915
36204
36792
