30
279
395
408
437
454
582
584
588
643
709
751
806
814
1061
1077
1311
1459
1622
1676
1716
1891
1962
2199
2243
2278
2291
2324
2460
2541
3008
3047
3077
3084
3218
3446
3548
3878
4285
4457
5095
5117
5355
5502
5633
5781
5855
5993
6002
6142
6178
6213
6501
6545
6591
6937
7226
7266
7312
7549
7627
7934
8097
8233
8311
8362
8399
8410
8752
8782
9493
9930
9986
10029
10119
10221
10228
10252
10322
10337
10572
11166
11227
11254
11351
11490
11510
11567
11575
11583
11708
11892
11899
12029
12058
12135
12328
12643
12856
12877
13156
13161
13257
13266
13347
13369
13461
13509
13643
13672
13771
13793
13888
13939
13942
14074
14186
14206
14425
14472
14894
15023
15058
15239
15315
15336
15525
15688
15730
15839
16123
16151
16206
17107
17209
17340
17440
17511
17543
17683
17757
17776
17898
18094
18293
18349
18479
18489
18740
18772
18880
19023
19125
19325
19614
19690
19712
19776
20052
20143
20181
20190
20247
20356
20407
20456
20628
20712
20850
21328
21503
21746
21869
21903
21920
21941
21959
21973
22029
22177
22499
22643
22656
22685
22776
22847
22994
23030
23298
23319
23593
23608
23663
23692
23774
23825
23905
24008
24541
24716
24736
24825
25193
25233
25244
25415
25715
25769
25783
25908
25909
26307
27004
27012
27047
27211
27292
27600
27864
28088
28147
28292
28399
28503
28763
28803
28825
28826
28939
29038
29102
29317
29353
29547
29707
29724
29835
30016
30262
30288
30351
30465
30665
30995
31061
31475
31524
31800
32015
32355
32397
32751
33009
33145
33446
33501
33606
33857
33875
34105
34125
34398
34405
34459
34695
34797
34866
34941
35049
35148
35216
35221
35309
35464
35488
35666
35731
35903
36032
36092
36182
36728
36799
36964
36980
