84
161
210
223
262
341
368
385
403
415
439
459
463
505
564
569
578
626
639
646
660
781
782
828
867
884
904
940
948
954
962
997
1045
1080
1213
1245
1258
1295
1489
1605
1636
1643
1671
1687
1719
1721
1766
1772
1807
1859
1861
1997
2048
2094
2126
2156
2186
2195
2265
2268
2281
2282
2354
2453
2462
2473
2475
2509
2510
2566
2574
2597
2618
2685
2739
2817
2825
2842
2875
2880
2884
2891
3030
3050
3053
3095
3192
3222
3229
3270
3287
3311
3367
3384
3389
3425
3495
3545
3712
3763
3770
3793
3812
3837
3861
3873
3922
3934
3936
3952
4035
4042
4070
4087
4111
4124
4149
4213
4252
4354
4364
4383
4410
4493
4501
4506
4533
4597
4752
4806
4809
4821
4859
4895
4937
4957
4960
4999
5133
5136
5139
5143
5191
5227
5257
5258
5480
5490
5505
5573
5575
5581
5583
5588
5662
5711
5721
5756
5778
5827
5883
5963
5985
6108
6168
6200
6216
6249
6267
6458
6460
6594
6644
6657
6658
6703
6709
6754
6800
6884
6886
6976
6983
7019
7038
7048
7092
7164
7185
7203
7231
7314
7344
7432
7441
7442
7465
7508
7555
7558
7577
7582
7651
7695
7712
7777
7838
7893
7993
7998
8084
8156
8181
8188
8214
8224
8383
8416
8457
8460
8521
8557
8585
8658
8711
8790
8801
8846
8858
8861
8938
9069
9139
9159
9162
9168
9230
9314
9356
9378
9433
9435
9452
9516
9581
9596
9621
9651
9671
9685
9699
9757
9798
9867
9943
10043
10052
10057
10080
10196
10210
10258
10315
10331
10343
10346
10395
10433
10479
10489
10508
10509
10578
10603
10608
10617
10635
10792
10806
10814
10823
10879
10908
10925
10941
10945
11077
11078
11112
11188
11191
11230
11233
11267
11356
11360
11389
11441
11448
11479
11511
11578
11613
11632
11658
11659
11698
11829
11854
11926
11938
12019
12100
12152
12162
12187
12225
12239
12358
12368
12419
12432
12438
12469
12542
12547
12612
12618
12656
12672
12681
12714
12724
12755
12756
12817
12830
12841
12863
12871
12886
12991
13065
13111
13114
13141
13166
13219
13288
13383
13403
13438
13448
13489
13491
13504
13505
13639
13670
13712
13722
13826
13926
13938
13998
14045
14077
14152
14186
14263
14375
14387
14406
14566
14585
14666
14804
14815
14835
14902
14989
15119
15131
15132
15196
15232
15242
15272
15295
15394
15491
15495
15614
15629
15642
15654
15655
15858
15870
15888
15937
15940
15966
15973
15978
16011
16026
16048
16068
16099
16148
16155
16224
16295
16307
16489
16559
16625
16674
16675
16679
16706
16814
16835
16928
16933
16949
16966
16978
16992
17010
17034
17080
17117
17231
17245
17298
17318
17319
17365
17545
17558
17586
17603
17617
17626
17642
17785
17827
17948
18013
18016
18043
18047
18070
18104
18163
18175
18257
18301
18368
18425
18433
18473
18507
18521
18552
18586
18714
18717
18732
18930
18939
18942
18956
18962
19002
19014
19022
19031
19080
19099
19123
19158
19183
19242
19250
19251
19311
19325
19366
19440
19454
19464
19500
19578
19590
19627
19636
19662
19722
19765
19809
19832
19835
19862
19868
19873
19940
19949
19959
20008
20023
20024
20047
20050
20114
20144
20190
20201
20261
20353
20371
20412
20419
20446
20498
20608
20627
20654
20703
20718
20757
20760
20810
20845
20854
20867
20874
20884
20968
20994
21063
21069
21099
21119
21141
21184
21202
21233
21258
21259
21297
21389
21393
21473
21513
21529
21564
21591
21724
21727
21769
21854
21882
21932
21968
21974
21995
22007
22028
22053
22181
22186
22268
22416
22435
22465
22487
22505
22506
22521
22522
22615
22618
22722
22725
22788
22852
22863
22868
22873
22929
22992
23083
23115
23124
23138
23142
23154
23160
23170
23274
23296
23356
23376
23381
23415
23425
23496
23565
23631
23635
23716
23730
23748
23759
23831
23894
24005
24015
24020
24025
24041
24079
24147
24179
24205
24223
24339
24447
24469
24483
24504
24524
24548
24659
24722
24726
24728
24754
24766
24769
24847
24973
24997
25014
25024
25094
25147
25280
25298
25331
25375
25430
25433
25449
25468
25503
25540
25552
25555
25557
25596
25611
25644
25673
25694
25743
25757
25855
25969
26003
26019
26024
26030
26081
26150
26159
26161
26200
26204
26273
26290
26334
26337
26376
26422
26425
26439
26493
26510
26577
26740
26753
26759
26808
26828
26840
26885
26961
26998
27020
27134
27165
27230
27336
27366
27425
27479
27496
27504
27590
27633
27634
27671
27701
27735
27745
27768
27794
27800
27832
27873
27927
27986
28011
28101
28124
28147
28152
28164
28201
28239
28255
28337
28387
28527
28617
28641
28678
28682
28786
28806
28816
28834
28842
28846
28884
28914
28926
28940
28959
28969
28971
28994
29000
29052
29167
29236
29297
29316
29319
29329
29396
29431
29487
29494
29522
29537
29559
29623
29637
29641
29685
29763
29802
29819
29840
29900
29902
29921
29966
29974
29977
30030
30082
30084
30088
30137
30138
30268
30281
30293
30294
30390
30418
30420
30460
30473
30482
30556
30558
30589
30600
30749
30796
30817
30854
30918
30921
30929
30976
31010
31019
31073
31092
31094
31105
31165
31210
31227
31268
31269
31280
31295
31401
31410
31463
31492
31505
31591
31606
31625
31627
31643
31767
31772
31866
31889
31893
31922
31928
31947
31965
31982
32046
32076
32105
32114
32170
32201
32220
32333
32343
32350
32391
32420
32439
32451
32511
32541
32571
32622
32805
32855
32881
32883
33024
33041
33256
33257
33261
33280
33347
33390
33504
33564
33608
33617
33710
33736
33819
33914
33918
33955
34051
34052
34082
34161
34280
34282
34298
34343
34348
34358
34447
34467
34512
34532
34544
34600
34608
34677
34678
34691
34721
34734
34737
34789
34816
34821
34839
34872
34977
34983
34985
34999
35019
35047
35073
35099
35100
35156
35197
35226
35268
35273
35338
35377
35609
35629
35635
35689
35728
35776
35821
35822
35923
35925
35958
35971
35999
36037
36144
36167
36238
36266
36286
36293
36297
36327
36332
36334
36339
36342
36343
36376
36398
36467
36517
36551
36553
36604
36605
36606
36656
36672
36720
36726
36734
36744
36758
36778
36818
36823
36831
36861
36867
36892
36929
36961
36991
