38
92
95
126
225
282
285
332
499
619
727
770
957
969
1006
1068
1080
1165
1168
1211
1247
1557
1574
1797
1844
1870
1942
2274
2319
2332
2368
2442
2487
2657
2705
2773
2789
2796
3105
3457
3487
3541
3705
3806
3889
3992
4015
4292
4309
4320
4330
4387
4486
4524
4560
4669
5133
5250
5258
5360
5377
5626
5675
5826
5866
6069
6130
6236
6335
6372
6481
6583
6610
6611
6769
6775
6778
6816
6854
6965
6983
6999
7056
7091
7092
7116
7161
7193
7442
7595
7668
7750
7839
7917
7971
7977
8193
8329
8351
8397
8418
8428
8431
8465
8551
8604
8613
8636
8772
8817
8839
8999
9069
9445
9451
9462
9470
9563
9581
9643
9880
9909
10181
10313
10314
10389
10467
10625
10766
10786
10892
11045
11084
11164
11184
11192
11275
11320
11454
11486
11610
11632
12253
12377
12507
12684
12732
12808
13021
13105
13225
13254
13316
13377
13606
13659
13926
13972
14310
14637
14685
14801
14993
15039
15169
15237
15245
15319
15344
15399
15496
15755
15889
16043
16188
16271
16285
16337
16350
16469
16501
16528
16529
16707
16977
16996
17017
17100
17300
17509
17512
17529
17673
17777
17788
17848
17883
18110
18391
18402
18468
18547
18586
18598
18653
18675
18709
18713
18738
18764
18784
18925
19170
19274
19361
19388
19408
19428
19447
19515
19553
19612
19619
19659
19672
19696
19741
19833
19861
20017
20160
20310
20361
20379
20491
20519
20682
20719
20812
20934
21030
21089
21336
21426
21431
21455
21473
21506
21514
21518
21677
21702
21703
21715
21897
21964
21968
22003
22066
22183
22211
22219
22333
22417
22424
22425
22496
22534
22638
22716
22833
22855
23057
23065
23096
23159
23195
23201
23204
23231
23352
23411
23501
23565
23677
23763
23781
23885
24059
24282
24426
24474
24539
24651
24792
25003
25030
25086
25114
25218
25334
25421
25429
25484
25557
25678
25695
25707
25774
25776
25824
25848
25923
26000
26082
26094
26112
26199
26328
26416
26514
26515
26561
26685
26782
26828
26841
26842
26860
26919
27119
27145
27212
27362
27438
27476
27523
27587
27612
27711
27761
27803
27855
27916
27944
27992
28154
28204
28258
28285
28401
28423
28477
28800
28835
28946
28995
29247
29627
29754
29975
29997
30066
30070
30117
30224
30306
30447
30451
30580
30610
30781
30835
30882
30908
30945
31057
31071
31083
31300
31317
31319
31400
31431
31549
31639
31669
31675
31681
31735
31898
32096
32274
32377
32510
32712
32741
32858
32988
33430
33526
33562
33583
33682
33786
33824
34069
34139
34225
34383
34494
34544
34699
34803
34849
35008
35118
35324
35437
35575
35661
35692
35700
35716
35745
35753
35771
35814
35982
36033
36090
36229
36308
36704
36795
