2
4
7
8
9
10
19
23
27
28
37
47
53
57
61
65
70
73
86
90
98
99
102
110
111
114
115
117
121
129
131
133
135
140
141
145
148
150
154
155
156
165
166
167
174
180
181
182
184
189
191
196
206
209
212
220
221
222
230
231
233
234
236
239
244
246
247
251
252
256
260
261
264
266
268
270
276
281
292
293
294
296
297
301
302
306
310
311
318
319
324
326
334
335
336
337
339
349
353
357
360
363
364
365
366
372
375
376
377
379
387
392
396
398
400
412
413
421
422
423
425
426
429
430
434
440
443
451
455
456
460
470
471
472
473
477
478
481
483
485
486
487
489
494
495
500
503
517
519
521
522
528
531
533
534
535
543
552
555
568
573
574
575
577
583
590
593
594
600
607
609
610
613
615
618
625
627
632
635
636
638
650
655
656
659
665
666
667
669
674
675
676
678
681
683
684
685
689
695
698
702
703
705
710
712
717
720
722
723
732
735
736
737
738
739
741
749
750
753
755
759
762
768
775
780
787
788
792
794
800
807
819
821
822
823
825
826
827
833
835
842
845
853
857
858
860
863
864
868
869
871
885
887
892
896
900
910
913
915
917
921
923
927
932
934
939
941
946
952
955
965
967
968
970
971
972
974
976
985
986
987
988
989
990
992
994
995
996
998
999
1000
1005
1010
1012
1017
1018
1025
1029
1033
1042
1049
1052
1053
1056
1059
1063
1066
1067
1075
1083
1084
1095
1106
1107
1108
1109
1110
1112
1118
1127
1133
1134
1137
1141
1143
1144
1149
1151
1152
1160
1164
1167
1171
1175
1180
1184
1189
1192
1193
1195
1208
1215
1222
1224
1228
1236
1238
1241
1242
1244
1246
1249
1257
1261
1268
1271
1289
1292
1293
1294
1301
1303
1306
1307
1310
1312
1313
1322
1323
1324
1326
1331
1334
1335
1337
1341
1345
1347
1348
1351
1360
1364
1365
1381
1382
1383
1385
1389
1393
1395
1396
1399
1404
1408
1409
1410
1411
1417
1419
1420
1426
1429
1431
1432
1437
1449
1450
1454
1461
1462
1463
1464
1470
1472
1473
1475
1476
1477
1480
1482
1483
1484
1492
1495
1497
1504
1505
1506
1507
1508
1509
1518
1519
1522
1525
1526
1527
1532
1534
1535
1536
1539
1540
1542
1549
1550
1551
1552
1553
1556
1563
1567
1568
1573
1575
1578
1579
1581
1582
1583
1585
1592
1597
1599
1602
1607
1608
1609
1611
1612
1617
1618
1625
1626
1631
1633
1642
1647
1651
1654
1661
1667
1668
1670
1671
1677
1681
1685
1686
1689
1693
1695
1697
1698
1699
1700
1701
1702
1706
1708
1710
1714
1715
1717
1722
1724
1725
1739
1740
1741
1742
1746
1747
1748
1752
1763
1769
1770
1773
1774
1776
1778
1786
1787
1790
1792
1796
1798
1799
1801
1803
1804
1805
1806
1809
1810
1812
1817
1825
1828
1830
1833
1835
1837
1841
1843
1846
1850
1856
1863
1865
1871
1873
1877
1881
1883
1890
1892
1898
1900
1901
1904
1905
1906
1911
1912
1913
1924
1927
1928
1933
1934
1936
1937
1939
1944
1951
1954
1961
1964
1965
1968
1971
1972
1975
1977
1979
1980
1981
1984
1985
1987
1988
1991
1994
1996
1998
2000
2005
2010
2015
2017
2018
2019
2028
2030
2031
2033
2035
2036
2037
2038
2041
2045
2047
2050
2052
2054
2058
2059
2060
2061
2062
2066
2067
2068
2075
2079
2081
2087
2088
2089
2093
2105
2106
2113
2117
2118
2119
2122
2123
2132
2137
2139
2151
2153
2154
2158
2162
2164
2166
2168
2173
2175
2177
2181
2185
2193
2194
2205
2212
2218
2219
2225
2229
2230
2235
2239
2241
2247
2248
2262
2263
2264
2269
2270
2272
2273
2275
2280
2287
2292
2295
2305
2311
2312
2313
2316
2318
2320
2325
2328
2331
2334
2340
2341
2345
2346
2349
2350
2353
2358
2359
2362
2363
2367
2371
2372
2376
2380
2386
2388
2390
2392
2393
2395
2396
2398
2399
2402
2406
2409
2410
2411
2413
2414
2415
2419
2420
2421
2422
2426
2432
2433
2438
2440
2444
2445
2450
2452
2457
2465
2467
2469
2471
2476
2481
2482
2488
2489
2491
2495
2496
2499
2500
2502
2505
2508
2509
2513
2514
2515
2517
2519
2520
2521
2522
2529
2538
2539
2543
2549
2550
2553
2555
2556
2562
2564
2565
2567
2568
2572
2578
2579
2582
2588
2590
2591
2593
2596
2598
2600
2606
2607
2624
2627
2633
2636
2637
2642
2649
2651
2653
2659
2660
2663
2669
2671
2674
2677
2678
2679
2680
2681
2684
2686
2687
2691
2699
2701
2707
2712
2715
2717
2718
2720
2721
2735
2736
2737
2744
2746
2750
2751
2753
2754
2756
2757
2764
2767
2769
2772
2777
2781
2786
2790
2793
2808
2810
2814
2829
2830
2831
2832
2835
2841
2845
2847
2848
2850
2856
2857
2859
2862
2863
2866
2868
2869
2878
2880
2885
2887
2892
2894
2898
2900
2903
2905
2906
2910
2914
2915
2917
2921
2923
2929
2933
2938
2939
2945
2947
2948
2950
2951
2953
2956
2960
2962
2967
2971
2973
2978
2980
2986
2988
2989
2990
2992
2993
2994
2996
2997
2999
3011
3015
3016
3019
3020
3026
3027
3031
3033
3035
3037
3038
3040
3049
3051
3059
3063
3064
3066
3067
3070
3071
3074
3075
3078
3080
3081
3082
3088
3091
3098
3099
3101
3102
3103
3104
3107
3108
3110
3114
3116
3119
3121
3122
3125
3127
3130
3132
3135
3136
3138
3139
3144
3145
3150
3155
3158
3159
3162
3163
3165
3168
3169
3171
3172
3173
3175
3184
3185
3186
3193
3198
3201
3204
3208
3210
3211
3216
3221
3223
3224
3225
3228
3232
3233
3235
3237
3243
3244
3246
3249
3253
3259
3262
3263
3265
3267
3276
3278
3281
3282
3283
3285
3288
3291
3292
3293
3296
3297
3304
3306
3307
3310
3315
3316
3319
3321
3322
3326
3332
3334
3335
3336
3337
3338
3339
3343
3345
3346
3348
3350
3351
3356
3357
3359
3366
3373
3378
3379
3380
3392
3398
3403
3405
3409
3414
3419
3421
3422
3423
3427
3434
3435
3440
3442
3450
3451
3453
3454
3456
3458
3464
3465
3466
3469
3470
3472
3474
3477
3479
3484
3492
3497
3498
3502
3504
3505
3508
3509
3510
3511
3512
3515
3517
3519
3520
3528
3531
3533
3536
3539
3543
3544
3547
3549
3550
3552
3554
3555
3556
3558
3563
3565
3567
3568
3570
3571
3573
3576
3577
3582
3584
3588
3590
3594
3595
3596
3598
3599
3600
3602
3605
3606
3609
3614
3616
3617
3621
3624
3637
3642
3647
3649
3651
3653
3657
3659
3662
3663
3665
3666
3669
3671
3674
3675
3677
3678
3679
3680
3686
3687
3689
3690
3694
3697
3704
3706
3709
3714
3720
3731
3732
3733
3737
3742
3745
3747
3748
3751
3753
3759
3764
3772
3775
3782
3784
3788
3789
3791
3802
3803
3811
3813
3814
3816
3818
3820
3821
3829
3830
3831
3840
3841
3843
3845
3850
3852
3857
3860
3869
3870
3874
3877
3881
3891
3894
3895
3897
3902
3903
3905
3907
3908
3909
3910
3911
3912
3913
3915
3917
3918
3923
3927
3928
3929
3931
3932
3933
3938
3944
3946
3956
3957
3963
3966
3970
3973
3974
3979
3980
3987
3991
3994
3999
4000
4003
4006
4009
4010
4011
4013
4014
4017
4018
4020
4021
4033
4037
4038
4041
4047
4055
4064
4067
4068
4076
4079
4080
4081
4082
4083
4084
4086
4096
4099
4100
4101
4106
4109
4112
4113
4115
4120
4121
4133
4134
4135
4137
4151
4154
4160
4163
4164
4165
4167
4170
4173
4185
4186
4194
4199
4211
4212
4222
4223
4224
4228
4229
4235
4236
4238
4242
4243
4245
4247
4249
4250
4251
4256
4257
4260
4269
4271
4272
4273
4276
4277
4279
4284
4288
4290
4296
4301
4302
4304
4311
4317
4319
4323
4324
4325
4326
4329
4337
4340
4343
4345
4347
4350
4359
4370
4371
4373
4377
4378
4384
4386
4388
4389
4390
4391
4398
4402
4403
4407
4409
4412
4413
4416
4418
4420
4421
4422
4424
4426
4427
4429
4430
4433
4434
4437
4443
4445
4448
4450
4452
4454
4455
4464
4465
4467
4472
4473
4480
4487
4488
4490
4492
4497
4507
4509
4511
4516
4518
4520
4522
4523
4531
4532
4536
4538
4542
4543
4546
4549
4550
4551
4553
4569
4574
4577
4580
4586
4588
4594
4596
4600
4605
4609
4610
4612
4616
4626
4627
4631
4632
4634
4635
4640
4642
4654
4658
4660
4661
4662
4671
4675
4679
4681
4685
4688
4690
4693
4695
4697
4698
4708
4716
4721
4723
4738
4741
4747
4751
4753
4758
4764
4765
4766
4775
4777
4778
4780
4783
4786
4798
4799
4803
4804
4805
4810
4814
4815
4817
4819
4820
4822
4823
4825
4826
4827
4830
4833
4840
4841
4844
4849
4863
4868
4873
4875
4880
4882
4884
4886
4887
4889
4892
4900
4901
4904
4907
4911
4917
4921
4922
4924
4926
4932
4940
4942
4943
4944
4945
4948
4952
4958
4959
4961
4962
4965
4967
4973
4975
4976
4977
4978
4981
4982
4984
4985
4990
4994
4998
5008
5009
5018
5020
5021
5022
5025
5031
5033
5038
5041
5043
5048
5049
5050
5051
5052
5056
5058
5064
5065
5066
5068
5069
5074
5075
5080
5088
5089
5093
5097
5098
5101
5107
5109
5110
5113
5115
5116
5120
5121
5126
5127
5132
5148
5149
5150
5154
5158
5159
5165
5167
5170
5171
5173
5176
5180
5181
5182
5183
5184
5185
5186
5187
5190
5193
5195
5202
5208
5210
5212
5222
5226
5233
5242
5244
5249
5254
5260
5265
5266
5267
5273
5278
5280
5281
5282
5283
5285
5286
5287
5288
5289
5292
5298
5299
5302
5306
5307
5309
5313
5314
5315
5319
5320
5322
5323
5324
5326
5327
5330
5331
5334
5337
5338
5341
5346
5349
5351
5361
5362
5364
5365
5367
5375
5378
5380
5386
5392
5395
5398
5400
5403
5404
5406
5409
5410
5414
5421
5429
5434
5440
5441
5442
5446
5450
5462
5466
5469
5471
5473
5475
5476
5477
5481
5483
5487
5489
5492
5495
5499
5501
5506
5507
5508
5511
5512
5513
5514
5516
5519
5521
5522
5528
5530
5531
5533
5536
5539
5542
5545
5552
5557
5561
5562
5567
5570
5572
5580
5583
5586
5587
5590
5596
5597
5599
5601
5610
5611
5615
5620
5627
5634
5636
5643
5644
5646
5648
5652
5656
5663
5667
5668
5670
5673
5674
5676
5678
5685
5693
5695
5699
5700
5704
5705
5706
5710
5714
5725
5729
5730
5734
5737
5741
5745
5754
5755
5761
5763
5768
5770
5771
5773
5774
5776
5779
5790
5793
5794
5800
5807
5809
5813
5816
5817
5820
5825
5828
5830
5832
5833
5835
5838
5843
5846
5851
5852
5858
5860
5862
5863
5864
5865
5870
5879
5880
5881
5886
5889
5891
5894
5900
5902
5904
5907
5909
5915
5919
5925
5932
5934
5937
5940
5942
5944
5948
5950
5951
5953
5959
5961
5966
5968
5970
5971
5975
5977
5979
5980
5983
5984
5994
5996
5998
6003
6005
6006
6009
6018
6022
6024
6025
6027
6028
6029
6032
6035
6036
6037
6039
6041
6050
6053
6057
6059
6060
6062
6064
6065
6066
6071
6074
6076
6080
6081
6082
6083
6089
6090
6092
6096
6110
6114
6115
6118
6119
6120
6122
6126
6128
6134
6136
6137
6138
6143
6144
6145
6148
6150
6160
6170
6171
6173
6174
6175
6176
6177
6179
6187
6190
6193
6194
6201
6203
6205
6206
6210
6211
6217
6218
6223
6227
6228
6230
6231
6232
6234
6237
6238
6240
6241
6242
6244
6246
6247
6248
6250
6254
6257
6258
6260
6262
6266
6275
6278
6282
6286
6292
6302
6307
6311
6314
6315
6316
6324
6327
6329
6330
6333
6338
6339
6340
6341
6342
6344
6345
6346
6351
6352
6355
6361
6368
6370
6371
6375
6377
6380
6381
6382
6392
6398
6402
6403
6404
6406
6412
6415
6422
6425
6431
6432
6443
6446
6449
6450
6455
6462
6463
6477
6480
6484
6485
6489
6491
6492
6494
6495
6507
6511
6512
6517
6518
6522
6523
6528
6531
6535
6537
6541
6547
6549
6550
6554
6555
6557
6559
6562
6569
6570
6572
6573
6574
6576
6587
6590
6592
6597
6600
6601
6603
6614
6616
6618
6619
6637
6641
6643
6647
6648
6667
6668
6672
6678
6680
6682
6689
6691
6692
6693
6694
6696
6701
6705
6713
6714
6719
6722
6725
6726
6727
6737
6738
6739
6743
6750
6751
6755
6758
6759
6760
6761
6763
6764
6766
6773
6777
6781
6783
6784
6788
6790
6794
6801
6802
6804
6805
6807
6810
6821
6824
6825
6827
6830
6831
6833
6838
6847
6852
6856
6863
6866
6867
6868
6872
6873
6875
6876
6879
6883
6888
6895
6896
6899
6900
6908
6909
6912
6913
6917
6918
6920
6927
6929
6932
6935
6936
6938
6939
6941
6942
6948
6949
6950
6951
6955
6957
6960
6963
6968
6969
6977
6978
6979
6980
6981
6982
6984
6985
6990
6991
6994
6995
6997
7000
7002
7006
7007
7009
7011
7013
7014
7015
7016
7017
7020
7021
7026
7032
7035
7042
7045
7047
7062
7066
7071
7077
7104
7107
7110
7117
7120
7121
7122
7124
7132
7133
7136
7139
7145
7147
7148
7149
7150
7151
7154
7155
7157
7158
7159
7166
7169
7171
7172
7182
7190
7191
7196
7197
7198
7201
7202
7208
7209
7214
7218
7219
7225
7227
7234
7246
7248
7252
7255
7256
7260
7262
7263
7267
7277
7283
7284
7285
7293
7297
7299
7302
7303
7304
7306
7307
7308
7309
7315
7317
7320
7325
7328
7330
7331
7335
7341
7346
7348
7354
7358
7359
7360
7361
7365
7366
7372
7377
7382
7385
7391
7393
7397
7400
7401
7402
7407
7409
7414
7417
7420
7425
7428
7438
7443
7446
7452
7453
7454
7455
7459
7469
7476
7477
7480
7482
7483
7486
7487
7489
7491
7497
7501
7504
7505
7511
7512
7513
7526
7529
7532
7533
7534
7538
7544
7550
7553
7557
7560
7561
7562
7564
7567
7578
7579
7585
7586
7589
7593
7596
7599
7603
7604
7607
7608
7612
7613
7614
7616
7618
7620
7621
7622
7623
7626
7628
7629
7631
7640
7646
7647
7649
7650
7655
7656
7660
7661
7664
7670
7674
7677
7681
7685
7687
7690
7691
7698
7701
7702
7706
7707
7708
7711
7713
7715
7729
7734
7737
7738
7740
7741
7742
7745
7746
7749
7751
7755
7762
7763
7768
7771
7773
7774
7775
7780
7787
7791
7793
7794
7801
7804
7806
7807
7808
7813
7815
7816
7820
7829
7830
7833
7849
7850
7853
7864
7865
7867
7868
7870
7878
7880
7882
7885
7886
7891
7895
7898
7901
7906
7910
7911
7914
7918
7919
7920
7932
7933
7936
7940
7946
7951
7952
7957
7959
7960
7963
7968
7969
7970
7972
7975
7976
7980
7985
7987
7988
7997
8000
8001
8002
8003
8004
8005
8010
8011
8013
8015
8020
8022
8028
8041
8049
8050
8052
8053
8056
8060
8065
8068
8070
8073
8077
8080
8081
8083
8086
8095
8098
8101
8104
8111
8113
8116
8118
8119
8126
8134
8135
8137
8139
8141
8147
8148
8149
8151
8153
8154
8155
8163
8167
8168
8174
8178
8180
8182
8184
8187
8197
8204
8210
8211
8213
8218
8227
8232
8234
8235
8238
8246
8248
8251
8252
8253
8255
8258
8259
8263
8266
8270
8272
8274
8275
8281
8282
8288
8294
8295
8299
8309
8314
8317
8318
8322
8323
8324
8326
8330
8341
8342
8347
8348
8349
8350
8354
8356
8358
8359
8360
8364
8365
8366
8367
8369
8372
8377
8380
8384
8387
8388
8389
8392
8401
8404
8408
8412
8413
8420
8423
8424
8426
8427
8437
8440
8441
8446
8449
8450
8455
8459
8460
8466
8467
8470
8472
8475
8478
8494
8498
8501
8504
8505
8508
8509
8512
8522
8523
8526
8527
8529
8532
8533
8536
8543
8546
8547
8548
8550
8559
8560
8561
8563
8564
8566
8567
8571
8582
8584
8586
8589
8594
8595
8596
8597
8599
8602
8603
8612
8614
8616
8620
8622
8623
8627
8629
8630
8633
8634
8637
8638
8640
8643
8645
8648
8651
8657
8659
8663
8664
8666
8672
8685
8687
8688
8689
8692
8696
8699
8705
8708
8709
8710
8713
8720
8721
8725
8728
8731
8732
8734
8736
8737
8744
8745
8751
8753
8755
8762
8763
8765
8769
8773
8775
8777
8779
8783
8795
8797
8798
8799
8800
8803
8805
8812
8813
8814
8819
8820
8826
8830
8832
8834
8838
8840
8844
8845
8850
8855
8856
8859
8863
8865
8868
8871
8877
8878
8885
8888
8891
8895
8897
8898
8902
8906
8915
8917
8919
8920
8929
8932
8937
8941
8945
8946
8951
8953
8954
8955
8957
8960
8961
8968
8969
8970
8971
8972
8975
8976
8977
8981
8984
8985
8989
8997
9002
9003
9005
9006
9007
9008
9012
9013
9014
9015
9016
9018
9022
9023
9028
9030
9031
9034
9044
9048
9051
9062
9063
9068
9075
9076
9078
9079
9081
9082
9083
9084
9085
9087
9089
9097
9099
9101
9112
9113
9119
9121
9122
9124
9127
9130
9131
9132
9134
9135
9136
9138
9140
9141
9143
9144
9149
9150
9151
9155
9157
9160
9170
9172
9173
9175
9176
9178
9184
9191
9193
9194
9196
9197
9205
9207
9209
9214
9215
9216
9218
9221
9223
9224
9226
9228
9234
9236
9242
9249
9253
9255
9260
9261
9262
9269
9272
9276
9277
9281
9283
9285
9287
9288
9290
9300
9305
9306
9313
9315
9318
9321
9322
9323
9324
9325
9327
9332
9335
9336
9337
9338
9339
9341
9346
9347
9350
9351
9353
9355
9359
9366
9367
9368
9369
9371
9374
9382
9384
9387
9388
9389
9396
9400
9403
9405
9406
9407
9408
9414
9416
9419
9437
9439
9441
9447
9448
9456
9459
9464
9465
9467
9471
9472
9474
9481
9483
9485
9487
9488
9489
9495
9497
9499
9502
9511
9520
9524
9526
9527
9532
9533
9539
9542
9543
9544
9545
9550
9553
9554
9557
9561
9564
9567
9568
9577
9586
9587
9593
9597
9599
9601
9605
9613
9614
9615
9616
9618
9620
9623
9626
9627
9628
9632
9646
9650
9652
9658
9659
9661
9662
9665
9675
9676
9680
9682
9686
9688
9689
9690
9693
9694
9695
9697
9698
9707
9710
9714
9715
9717
9719
9721
9725
9735
9737
9745
9748
9754
9756
9761
9763
9764
9766
9768
9769
9773
9780
9781
9782
9783
9787
9789
9794
9795
9799
9801
9805
9810
9817
9819
9821
9822
9825
9827
9835
9839
9841
9842
9844
9847
9849
9851
9854
9856
9859
9863
9865
9866
9869
9871
9872
9873
9875
9876
9877
9882
9883
9885
9886
9888
9891
9897
9905
9908
9913
9914
9917
9919
9920
9921
9926
9931
9936
9937
9944
9946
9947
9951
9954
9955
9958
9959
9960
9963
9965
9966
9972
9973
9977
9979
9981
9984
9987
9989
9992
9993
9994
9996
9999
10002
10003
10004
10008
10024
10026
10027
10028
10045
10048
10053
10055
10058
10059
10061
10062
10070
10071
10077
10087
10093
10098
10099
10106
10111
10115
10123
10129
10139
10140
10141
10142
10144
10145
10146
10148
10149
10155
10162
10164
10165
10172
10174
10175
10182
10185
10187
10191
10198
10201
10214
10218
10220
10223
10232
10234
10239
10247
10248
10257
10259
10265
10270
10277
10278
10280
10282
10287
10289
10294
10296
10300
10304
10306
10307
10310
10312
10319
10321
10333
10334
10335
10340
10347
10350
10353
10355
10360
10361
10362
10363
10367
10369
10370
10371
10375
10376
10380
10384
10386
10387
10392
10393
10398
10403
10405
10407
10411
10414
10417
10419
10421
10422
10424
10429
10437
10441
10447
10451
10454
10456
10460
10461
10469
10480
10481
10482
10483
10484
10485
10487
10488
10498
10501
10504
10509
10516
10520
10522
10527
10530
10531
10534
10538
10541
10544
10546
10548
10549
10551
10553
10557
10565
10567
10569
10575
10579
10580
10581
10584
10587
10594
10599
10605
10610
10613
10614
10615
10620
10622
10627
10628
10630
10631
10638
10641
10643
10649
10652
10653
10658
10660
10661
10662
10665
10668
10669
10673
10674
10682
10687
10690
10693
10698
10700
10701
10703
10705
10706
10708
10712
10713
10716
10717
10719
10721
10732
10738
10741
10742
10746
10748
10749
10754
10755
10757
10758
10763
10764
10765
10768
10772
10774
10775
10780
10783
10784
10785
10788
10790
10791
10795
10805
10807
10810
10813
10815
10816
10817
10820
10821
10828
10835
10845
10848
10850
10851
10854
10856
10859
10860
10861
10863
10864
10865
10867
10868
10872
10873
10877
10884
10887
10888
10889
10891
10898
10900
10902
10905
10910
10914
10920
10921
10932
10933
10934
10940
10943
10947
10951
10955
10962
10965
10966
10968
10969
10974
10975
10976
10985
10986
10989
10991
10993
10994
10995
11000
11002
11005
11010
11015
11016
11017
11028
11029
11049
11050
11065
11067
11068
11069
11076
11082
11085
11091
11098
11099
11101
11104
11106
11108
11116
11121
11123
11126
11127
11136
11140
11144
11146
11147
11148
11151
11155
11156
11159
11160
11161
11163
11165
11167
11168
11169
11172
11176
11179
11183
11198
11203
11205
11207
11208
11213
11216
11219
11220
11224
11235
11240
11243
11247
11248
11250
11252
11255
11257
11260
11261
11263
11264
11270
11273
11277
11283
11288
11295
11297
11298
11299
11302
11305
11307
11312
11314
11316
11318
11321
11322
11323
11326
11333
11335
11337
11338
11339
11340
11341
11344
11346
11347
11354
11365
11369
11377
11378
11380
11385
11396
11399
11406
11407
11408
11410
11423
11424
11428
11431
11435
11443
11444
11457
11463
11467
11468
11471
11474
11477
11478
11480
11483
11484
11487
11488
11489
11496
11497
11500
11501
11503
11504
11505
11507
11509
11515
11521
11524
11525
11527
11528
11533
11534
11537
11538
11540
11544
11549
11551
11556
11557
11559
11565
11571
11574
11577
11579
11585
11590
11599
11600
11601
11603
11605
11612
11614
11615
11616
11618
11624
11625
11626
11629
11630
11636
11647
11648
11652
11655
11661
11666
11674
11676
11679
11680
11686
11689
11690
11691
11693
11696
11697
11703
11705
11706
11707
11711
11712
11718
11720
11723
11726
11727
11734
11735
11742
11744
11746
11753
11760
11761
11765
11774
11775
11778
11780
11781
11790
11793
11794
11795
11800
11803
11805
11812
11819
11820
11827
11834
11837
11840
11841
11843
11853
11855
11857
11863
11866
11869
11870
11872
11878
11880
11881
11885
11890
11900
11903
11906
11907
11908
11912
11913
11915
11920
11929
11931
11941
11942
11943
11945
11947
11952
11955
11956
11957
11962
11963
11965
11967
11971
11976
11977
11979
11988
11990
11995
11999
12000
12001
12007
12008
12011
12013
12015
12021
12025
12026
12031
12041
12045
12047
12050
12051
12054
12064
12066
12070
12073
12077
12079
12083
12089
12092
12095
12098
12102
12108
12110
12113
12117
12126
12134
12137
12140
12146
12147
12153
12155
12160
12165
12167
12170
12171
12175
12177
12182
12183
12185
12188
12189
12192
12198
12204
12205
12206
12210
12211
12214
12218
12219
12221
12223
12228
12233
12234
12235
12240
12241
12248
12249
12254
12256
12260
12262
12265
12272
12273
12277
12280
12281
12289
12290
12294
12295
12300
12301
12303
12315
12316
12318
12320
12321
12325
12326
12327
12330
12335
12341
12343
12348
12350
12353
12357
12363
12367
12369
12372
12374
12379
12380
12387
12388
12394
12395
12398
12403
12404
12408
12409
12410
12412
12416
12417
12420
12421
12423
12427
12430
12433
12441
12449
12452
12453
12455
12457
12463
12464
12473
12476
12485
12488
12490
12491
12495
12501
12506
12512
12524
12526
12528
12531
12536
12540
12542
12543
12544
12546
12548
12554
12555
12557
12562
12570
12571
12572
12574
12575
12576
12585
12592
12594
12596
12597
12598
12599
12604
12605
12607
12613
12614
12615
12619
12620
12622
12623
12633
12635
12637
12640
12647
12650
12652
12654
12655
12658
12662
12663
12664
12670
12671
12676
12678
12682
12683
12686
12688
12692
12700
12702
12707
12710
12716
12720
12721
12725
12728
12729
12730
12734
12737
12741
12744
12748
12749
12753
12754
12758
12764
12765
12767
12773
12775
12776
12779
12781
12784
12787
12789
12790
12791
12794
12799
12804
12805
12806
12809
12812
12818
12820
12822
12824
12826
12843
12848
12854
12857
12859
12862
12866
12867
12868
12869
12870
12874
12875
12878
12880
12882
12884
12889
12896
12897
12900
12901
12905
12915
12917
12918
12923
12924
12925
12926
12933
12940
12941
12946
12948
12949
12953
12954
12956
12958
12960
12961
12962
12963
12965
12967
12970
12971
12973
12982
12989
12990
12991
12993
12994
13001
13003
13004
13006
13007
13008
13017
13023
13024
13027
13033
13034
13038
13040
13046
13049
13052
13054
13057
13058
13060
13061
13062
13066
13072
13073
13077
13079
13081
13082
13084
13086
13091
13098
13099
13100
13101
13102
13117
13118
13119
13121
13124
13133
13134
13135
13136
13138
13139
13140
13144
13154
13162
13165
13168
13173
13175
13176
13181
13185
13186
13191
13193
13195
13198
13199
13200
13203
13209
13236
13240
13242
13243
13246
13248
13250
13255
13259
13261
13262
13273
13278
13279
13280
13283
13291
13293
13294
13299
13303
13304
13307
13309
13320
13321
13323
13324
13325
13329
13330
13331
13332
13337
13342
13349
13350
13351
13356
13358
13364
13365
13366
13370
13371
13374
13378
13380
13382
13384
13390
13391
13392
13393
13396
13398
13399
13400
13402
13408
13411
13412
13418
13422
13437
13439
13441
13442
13444
13450
13452
13453
13457
13458
13462
13465
13467
13468
13470
13471
13472
13474
13477
13479
13484
13485
13490
13492
13494
13496
13497
13499
13506
13510
13513
13516
13517
13526
13528
13529
13537
13548
13552
13555
13559
13563
13567
13568
13573
13574
13577
13578
13579
13582
13584
13585
13586
13590
13593
13596
13599
13600
13601
13602
13604
13613
13616
13617
13621
13622
13623
13624
13631
13632
13638
13642
13646
13647
13648
13650
13652
13660
13666
13675
13677
13681
13682
13687
13690
13691
13692
13693
13697
13705
13710
13711
13718
13719
13720
13724
13726
13727
13736
13742
13744
13745
13747
13754
13755
13756
13763
13766
13767
13768
13770
13772
13776
13777
13779
13780
13781
13785
13786
13792
13794
13797
13800
13806
13808
13811
13816
13820
13822
13827
13828
13832
13835
13836
13841
13844
13846
13851
13852
13853
13859
13861
13868
13871
13872
13874
13875
13877
13878
13881
13886
13887
13890
13891
13892
13895
13896
13909
13910
13914
13916
13917
13919
13920
13924
13925
13929
13930
13934
13937
13943
13953
13954
13967
13970
13974
13976
13978
13980
13982
13992
13993
13996
13997
14000
14008
14011
14015
14017
14024
14025
14028
14030
14032
14041
14043
14044
14049
14050
14051
14052
14055
14056
14057
14058
14059
14061
14064
14070
14075
14080
14086
14087
14094
14096
14097
14099
14102
14108
14109
14111
14112
14115
14116
14117
14124
14146
14147
14148
14149
14150
14159
14162
14163
14165
14166
14168
14175
14179
14181
14185
14187
14189
14193
14194
14195
14199
14201
14204
14205
14209
14211
14218
14222
14230
14234
14235
14236
14241
14245
14248
14258
14261
14262
14265
14274
14283
14284
14286
14287
14289
14290
14291
14293
14294
14300
14306
14307
14312
14313
14321
14325
14333
14337
14343
14346
14347
14349
14350
14352
14353
14365
14371
14372
14376
14380
14385
14391
14395
14398
14403
14404
14405
14407
14412
14419
14421
14422
14424
14427
14431
14433
14437
14438
14443
14444
14447
14448
14453
14455
14458
14459
14465
14468
14471
14474
14477
14485
14486
14490
14498
14499
14500
14504
14505
14507
14512
14513
14514
14515
14521
14522
14525
14526
14532
14538
14545
14549
14553
14555
14557
14570
14572
14573
14579
14587
14589
14595
14596
14598
14599
14602
14610
14614
14619
14620
14622
14623
14629
14631
14633
14643
14644
14652
14654
14659
14663
14674
14683
14684
14687
14689
14690
14692
14694
14696
14699
14702
14703
14707
14709
14710
14711
14713
14715
14720
14723
14724
14725
14726
14728
14738
14740
14742
14745
14747
14752
14754
14755
14757
14760
14761
14762
14763
14764
14765
14773
14775
14787
14790
14792
14797
14808
14811
14814
14816
14822
14827
14830
14831
14832
14836
14838
14839
14840
14843
14844
14847
14848
14849
14851
14856
14862
14863
14865
14873
14874
14877
14879
14882
14883
14884
14885
14893
14899
14904
14907
14910
14913
14917
14919
14923
14924
14929
14932
14935
14941
14944
14946
14947
14948
14950
14957
14960
14961
14962
14969
14975
14996
15003
15004
15016
15019
15022
15024
15027
15029
15036
15037
15041
15042
15043
15044
15045
15047
15048
15052
15056
15057
15059
15062
15064
15065
15069
15072
15073
15074
15078
15079
15081
15082
15088
15089
15092
15095
15097
15099
15101
15102
15108
15110
15111
15112
15116
15120
15121
15122
15124
15128
15131
15136
15137
15140
15143
15155
15160
15161
15163
15164
15165
15166
15177
15181
15183
15187
15188
15202
15203
15207
15211
15212
15213
15223
15225
15227
15229
15230
15233
15234
15246
15249
15250
15251
15252
15253
15254
15255
15257
15259
15260
15262
15263
15265
15266
15268
15271
15279
15281
15285
15287
15288
15290
15293
15297
15302
15308
15314
15322
15324
15326
15329
15331
15338
15340
15342
15345
15346
15351
15356
15357
15359
15361
15376
15380
15382
15387
15390
15391
15392
15393
15398
15400
15402
15403
15408
15413
15416
15419
15422
15424
15430
15431
15432
15435
15441
15450
15451
15454
15457
15458
15459
15463
15466
15468
15471
15473
15476
15481
15482
15488
15492
15504
15505
15511
15512
15517
15518
15527
15529
15531
15539
15541
15544
15549
15552
15554
15555
15556
15557
15559
15571
15578
15581
15586
15587
15588
15589
15591
15592
15595
15603
15608
15611
15616
15618
15622
15625
15627
15628
15631
15637
15641
15645
15649
15650
15657
15663
15664
15665
15666
15668
15670
15671
15679
15684
15689
15691
15692
15693
15697
15700
15705
15707
15708
15709
15710
15711
15713
15715
15717
15719
15726
15731
15732
15736
15737
15742
15743
15752
15754
15756
15758
15764
15765
15766
15767
15773
15776
15777
15778
15779
15780
15781
15784
15787
15789
15796
15798
15800
15801
15806
15807
15811
15813
15815
15818
15820
15821
15823
15827
15830
15831
15834
15836
15837
15838
15840
15848
15853
15856
15857
15861
15862
15863
15864
15865
15872
15873
15874
15876
15880
15883
15884
15890
15891
15892
15896
15899
15900
15902
15904
15906
15912
15914
15922
15923
15924
15926
15942
15945
15948
15951
15953
15954
15955
15957
15958
15960
15963
15964
15967
15970
15971
15974
15977
15983
15985
15987
15988
15989
15990
15991
15992
15993
15996
16000
16010
16016
16023
16024
16028
16033
16034
16036
16042
16050
16051
16052
16056
16058
16071
16072
16074
16075
16080
16082
16085
16088
16090
16100
16101
16102
16104
16105
16106
16108
16116
16117
16120
16125
16126
16128
16129
16132
16134
16138
16141
16142
16143
16144
16150
16152
16157
16158
16161
16163
16166
16173
16174
16178
16179
16180
16184
16187
16190
16193
16196
16197
16200
16201
16202
16203
16204
16209
16213
16215
16216
16219
16223
16224
16225
16228
16232
16236
16238
16239
16242
16244
16245
16250
16254
16255
16257
16258
16259
16262
16265
16267
16274
16276
16279
16280
16287
16290
16293
16296
16297
16303
16304
16309
16310
16314
16315
16318
16323
16324
16325
16326
16328
16331
16339
16341
16342
16343
16348
16349
16356
16357
16371
16375
16376
16378
16379
16380
16381
16385
16387
16393
16395
16397
16398
16399
16403
16408
16409
16410
16411
16414
16418
16421
16422
16426
16431
16433
16435
16442
16452
16453
16454
16455
16458
16460
16463
16464
16468
16470
16474
16475
16479
16482
16487
16490
16492
16493
16494
16502
16506
16519
16520
16534
16543
16545
16559
16560
16571
16576
16577
16580
16583
16585
16586
16587
16591
16600
16605
16611
16616
16619
16620
16628
16633
16634
16635
16637
16638
16645
16650
16651
16652
16653
16654
16658
16660
16661
16665
16670
16683
16684
16685
16687
16688
16689
16690
16692
16695
16698
16699
16700
16702
16711
16714
16715
16718
16720
16722
16723
16725
16726
16727
16729
16731
16746
16747
16749
16751
16752
16754
16755
16761
16767
16768
16772
16775
16778
16780
16782
16784
16786
16790
16792
16793
16794
16795
16796
16801
16807
16808
16809
16812
16818
16820
16824
16825
16828
16834
16843
16844
16848
16849
16855
16869
16874
16879
16885
16886
16888
16894
16903
16905
16906
16907
16913
16921
16923
16929
16939
16947
16954
16956
16958
16959
16960
16967
16968
16974
16975
16979
16981
16986
16987
16997
16999
17000
17002
17005
17006
17008
17012
17013
17014
17024
17026
17027
17031
17035
17036
17037
17040
17042
17053
17060
17061
17064
17065
17068
17071
17074
17079
17083
17087
17089
17095
17096
17104
17105
17109
17112
17116
17122
17123
17132
17133
17136
17138
17139
17141
17142
17145
17146
17155
17157
17158
17162
17163
17166
17171
17179
17185
17186
17194
17196
17200
17201
17205
17206
17207
17211
17212
17214
17216
17217
17218
17227
17232
17235
17239
17246
17251
17252
17255
17261
17262
17265
17266
17267
17269
17277
17281
17283
17290
17291
17292
17299
17303
17308
17314
17324
17325
17327
17328
17337
17338
17341
17345
17348
17349
17350
17352
17355
17356
17358
17360
17364
17366
17370
17371
17372
17384
17386
17389
17391
17392
17393
17401
17402
17403
17404
17406
17407
17411
17412
17413
17414
17417
17420
17421
17422
17424
17429
17432
17433
17434
17438
17443
17444
17447
17450
17452
17453
17459
17466
17467
17468
17469
17470
17474
17475
17476
17479
17484
17486
17490
17492
17494
17498
17502
17504
17505
17508
17514
17520
17522
17528
17530
17531
17533
17535
17551
17552
17553
17557
17560
17566
17572
17573
17575
17577
17588
17592
17593
17599
17600
17601
17614
17615
17616
17620
17621
17623
17627
17630
17631
17632
17641
17653
17659
17660
17663
17664
17667
17668
17670
17672
17677
17678
17682
17685
17686
17688
17689
17690
17692
17701
17702
17703
17705
17709
17710
17717
17720
17725
17728
17730
17733
17739
17744
17746
17748
17750
17752
17753
17761
17768
17769
17775
17780
17781
17782
17783
17784
17789
17790
17792
17795
17796
17799
17802
17804
17808
17809
17811
17813
17815
17816
17828
17829
17831
17832
17835
17836
17838
17839
17841
17849
17854
17861
17864
17869
17871
17876
17877
17879
17882
17886
17887
17891
17892
17894
17902
17911
17912
17914
17916
17917
17919
17923
17924
17925
17933
17937
17943
17948
17954
17957
17958
17959
17961
17965
17966
17969
17970
17973
17978
17985
17987
17990
17991
17992
17994
17997
17998
18001
18007
18011
18015
18018
18019
18020
18024
18026
18027
18032
18034
18037
18039
18041
18046
18057
18058
18059
18061
18064
18065
18066
18072
18076
18079
18081
18088
18092
18095
18098
18105
18113
18117
18121
18125
18126
18134
18147
18152
18153
18154
18155
18157
18159
18162
18171
18174
18176
18178
18179
18182
18183
18185
18186
18188
18192
18196
18197
18199
18203
18204
18209
18215
18218
18219
18222
18224
18235
18238
18239
18244
18247
18249
18253
18255
18261
18263
18265
18267
18268
18270
18274
18275
18276
18280
18282
18283
18284
18285
18289
18292
18295
18298
18302
18304
18305
18307
18308
18311
18312
18313
18317
18320
18321
18322
18324
18332
18335
18342
18346
18348
18350
18355
18360
18370
18375
18378
18380
18382
18383
18384
18385
18389
18399
18403
18408
18409
18412
18413
18423
18424
18427
18428
18429
18430
18432
18440
18441
18442
18450
18452
18455
18457
18464
18467
18470
18476
18477
18480
18484
18486
18488
18490
18500
18501
18503
18512
18514
18515
18517
18520
18522
18526
18528
18529
18531
18535
18536
18537
18543
18545
18546
18553
18556
18557
18560
18563
18565
18566
18573
18580
18582
18583
18590
18591
18592
18600
18603
18604
18606
18607
18610
18611
18612
18616
18617
18618
18619
18623
18624
18627
18628
18630
18631
18636
18637
18641
18644
18645
18649
18656
18657
18658
18659
18663
18672
18673
18674
18676
18679
18680
18682
18683
18684
18695
18696
18700
18702
18704
18707
18710
18712
18716
18718
18722
18723
18725
18731
18733
18735
18737
18743
18744
18745
18746
18747
18750
18753
18756
18762
18769
18771
18773
18777
18780
18783
18785
18789
18790
18792
18796
18797
18799
18808
18809
18814
18815
18818
18819
18821
18822
18823
18824
18826
18830
18832
18836
18842
18845
18848
18853
18854
18863
18864
18865
18866
18868
18869
18870
18873
18886
18889
18890
18891
18893
18894
18896
18899
18900
18902
18904
18906
18909
18911
18913
18915
18916
18918
18920
18922
18926
18927
18928
18931
18943
18947
18949
18953
18954
18970
18976
18987
18992
18994
18996
18998
18999
19001
19002
19003
19004
19005
19009
19010
19011
19017
19025
19029
19034
19035
19036
19038
19039
19044
19046
19047
19049
19060
19063
19066
19067
19082
19083
19085
19086
19092
19093
19095
19096
19100
19102
19107
19111
19114
19116
19117
19120
19132
19136
19138
19144
19145
19147
19148
19152
19153
19156
19157
19158
19160
19163
19179
19180
19181
19182
19185
19186
19192
19195
19196
19198
19201
19202
19204
19207
19208
19211
19214
19217
19218
19220
19224
19226
19231
19232
19233
19235
19236
19243
19244
19245
19246
19247
19248
19252
19254
19258
19262
19266
19269
19270
19280
19281
19282
19285
19289
19291
19293
19294
19299
19303
19306
19310
19312
19313
19314
19318
19323
19324
19326
19329
19332
19337
19340
19341
19342
19343
19345
19346
19348
19350
19353
19362
19366
19376
19377
19379
19380
19382
19383
19385
19387
19389
19391
19393
19396
19400
19403
19406
19407
19409
19410
19414
19424
19425
19430
19433
19434
19435
19436
19437
19438
19439
19441
19443
19448
19450
19462
19465
19466
19467
19468
19470
19472
19473
19476
19477
19481
19485
19489
19491
19499
19504
19505
19507
19508
19510
19525
19527
19529
19531
19538
19542
19543
19544
19548
19550
19551
19552
19557
19563
19568
19570
19574
19576
19579
19582
19585
19586
19587
19594
19597
19601
19605
19610
19613
19621
19623
19624
19630
19633
19635
19638
19640
19641
19644
19650
19652
19653
19654
19658
19662
19665
19668
19673
19674
19678
19679
19680
19681
19683
19687
19688
19689
19698
19701
19713
19715
19718
19719
19720
19728
19732
19733
19737
19739
19740
19743
19750
19751
19762
19768
19769
19773
19779
19781
19783
19794
19798
19801
19803
19805
19807
19810
19811
19813
19818
19826
19830
19837
19841
19843
19844
19845
19846
19851
19852
19856
19858
19865
19872
19873
19876
19883
19886
19887
19891
19892
19893
19895
19896
19901
19907
19908
19911
19914
19917
19920
19925
19933
19935
19939
19941
19944
19947
19952
19957
19960
19966
19968
19972
19975
19977
19981
19984
19985
19988
19991
19996
19998
20003
20012
20018
20019
20020
20027
20031
20032
20033
20036
20041
20043
20045
20046
20061
20063
20066
20068
20069
20074
20078
20079
20081
20082
20084
20091
20092
20095
20096
20099
20102
20103
20106
20108
20112
20119
20123
20125
20126
20137
20139
20140
20142
20148
20149
20151
20152
20158
20161
20167
20168
20169
20173
20175
20178
20195
20198
20199
20202
20203
20207
20214
20217
20218
20222
20225
20227
20230
20232
20233
20235
20237
20240
20241
20243
20244
20246
20252
20253
20257
20262
20263
20264
20265
20266
20274
20280
20287
20288
20290
20291
20297
20298
20301
20304
20308
20313
20314
20315
20316
20325
20326
20329
20330
20332
20336
20337
20338
20341
20345
20348
20351
20354
20355
20359
20360
20365
20370
20376
20382
20383
20384
20390
20392
20393
20394
20396
20397
20401
20404
20405
20406
20409
20410
20411
20417
20420
20421
20424
20429
20434
20435
20441
20444
20447
20448
20450
20460
20462
20465
20467
20470
20473
20474
20476
20483
20484
20493
20497
20502
20503
20508
20514
20521
20524
20525
20527
20531
20534
20536
20540
20543
20544
20545
20546
20551
20552
20556
20558
20560
20561
20562
20566
20574
20578
20582
20590
20595
20598
20602
20604
20607
20614
20615
20616
20624
20625
20626
20633
20636
20640
20641
20642
20645
20648
20651
20653
20656
20663
20676
20679
20680
20688
20692
20696
20697
20699
20704
20706
20709
20715
20720
20722
20724
20727
20731
20734
20736
20741
20744
20745
20746
20754
20761
20766
20770
20771
20773
20776
20778
20784
20792
20796
20798
20802
20803
20804
20809
20811
20815
20816
20817
20818
20823
20828
20830
20831
20833
20834
20838
20841
20842
20847
20848
20849
20852
20855
20859
20860
20863
20869
20875
20879
20882
20884
20885
20890
20896
20905
20908
20909
20913
20915
20918
20919
20920
20924
20925
20927
20935
20938
20939
20942
20947
20950
20952
20955
20956
20960
20963
20964
20969
20972
20978
20980
20981
20982
20987
20988
20989
20991
20995
20996
20998
21005
21006
21013
21019
21022
21029
21031
21033
21037
21038
21040
21041
21043
21044
21045
21048
21049
21050
21053
21055
21061
21062
21067
21072
21073
21078
21080
21094
21096
21098
21103
21107
21109
21113
21116
21118
21121
21122
21123
21127
21129
21131
21139
21150
21158
21159
21162
21165
21167
21169
21176
21177
21186
21193
21194
21195
21198
21199
21205
21212
21214
21216
21227
21229
21231
21232
21234
21243
21245
21246
21248
21250
21254
21263
21264
21275
21280
21281
21284
21286
21294
21295
21300
21301
21303
21304
21305
21307
21308
21311
21313
21316
21319
21320
21321
21323
21324
21326
21327
21330
21332
21341
21343
21345
21346
21348
21349
21351
21353
21354
21356
21358
21364
21365
21370
21379
21382
21386
21388
21390
21396
21398
21399
21400
21404
21405
21408
21410
21425
21428
21429
21434
21438
21442
21444
21449
21452
21457
21470
21471
21472
21475
21477
21479
21481
21483
21488
21493
21498
21502
21504
21505
21509
21513
21515
21516
21526
21531
21536
21537
21542
21543
21547
21548
21551
21554
21555
21561
21565
21568
21571
21573
21580
21582
21600
21603
21607
21613
21620
21623
21624
21628
21632
21637
21638
21639
21643
21648
21654
21660
21661
21662
21663
21671
21684
21686
21690
21695
21696
21698
21700
21701
21705
21712
21713
21714
21717
21719
21721
21722
21735
21736
21739
21741
21748
21752
21755
21757
21763
21765
21767
21776
21778
21783
21784
21787
21789
21795
21796
21798
21799
21802
21803
21812
21818
21820
21821
21823
21826
21829
21832
21836
21841
21842
21844
21847
21852
21853
21856
21857
21858
21859
21860
21862
21866
21867
21875
21878
21891
21892
21894
21895
21896
21905
21909
21910
21911
21912
21913
21919
21921
21924
21925
21930
21933
21946
21948
21957
21958
21961
21962
21969
21981
21983
21988
21990
21992
21998
22000
22001
22005
22006
22013
22015
22017
22019
22020
22023
22026
22030
22032
22035
22040
22041
22042
22044
22045
22051
22055
22056
22057
22058
22059
22060
22062
22067
22070
22071
22073
22076
22092
22096
22099
22103
22123
22129
22138
22139
22141
22146
22148
22151
22154
22159
22160
22163
22164
22166
22182
22191
22194
22195
22196
22197
22201
22203
22207
22208
22213
22215
22217
22221
22224
22231
22233
22234
22236
22244
22248
22250
22257
22260
22261
22262
22272
22274
22276
22279
22284
22285
22294
22295
22296
22302
22303
22306
22314
22315
22319
22322
22326
22335
22337
22340
22343
22345
22348
22351
22357
22362
22363
22367
22372
22373
22379
22397
22398
22400
22406
22407
22408
22410
22412
22413
22418
22421
22423
22434
22440
22443
22444
22446
22448
22450
22451
22453
22458
22460
22466
22468
22471
22473
22478
22481
22482
22486
22491
22492
22501
22502
22513
22514
22515
22516
22517
22523
22529
22533
22540
22541
22543
22546
22547
22548
22554
22555
22557
22558
22562
22564
22566
22567
22569
22570
22573
22576
22577
22583
22587
22593
22595
22600
22602
22605
22608
22610
22614
22615
22620
22621
22624
22625
22626
22628
22630
22635
22637
22641
22644
22645
22653
22657
22663
22664
22669
22677
22680
22682
22689
22691
22697
22700
22704
22705
22708
22710
22712
22714
22718
22723
22729
22730
22737
22740
22749
22751
22754
22759
22761
22762
22764
22767
22769
22770
22780
22785
22791
22800
22801
22806
22807
22808
22810
22814
22816
22818
22821
22823
22826
22831
22837
22838
22841
22842
22843
22844
22846
22848
22849
22859
22860
22864
22874
22880
22882
22884
22886
22887
22889
22897
22899
22901
22905
22906
22908
22909
22910
22911
22914
22922
22924
22925
22928
22935
22936
22937
22938
22941
22946
22953
22955
22956
22957
22962
22966
22968
22971
22972
22973
22974
22979
22982
22991
22993
22996
23009
23010
23011
23012
23016
23017
23018
23025
23029
23033
23036
23039
23041
23046
23048
23056
23061
23063
23066
23075
23076
23077
23078
23087
23089
23092
23095
23098
23104
23105
23107
23108
23112
23116
23117
23120
23122
23126
23128
23129
23133
23134
23140
23145
23147
23149
23157
23158
23161
23165
23166
23169
23171
23172
23174
23175
23179
23183
23184
23189
23191
23193
23197
23203
23205
23207
23208
23211
23214
23216
23223
23224
23227
23228
23229
23232
23239
23243
23247
23256
23257
23258
23259
23260
23261
23266
23271
23272
23278
23279
23281
23282
23290
23291
23294
23299
23302
23310
23311
23312
23322
23325
23328
23329
23336
23340
23341
23342
23346
23347
23350
23358
23362
23364
23372
23375
23378
23379
23380
23383
23385
23386
23389
23392
23394
23395
23398
23400
23402
23403
23408
23409
23412
23419
23421
23422
23424
23429
23435
23439
23441
23445
23447
23453
23456
23457
23462
23467
23469
23473
23475
23476
23483
23485
23489
23490
23492
23493
23498
23500
23502
23503
23504
23506
23508
23510
23511
23512
23514
23524
23525
23526
23527
23528
23531
23534
23536
23541
23542
23543
23546
23549
23550
23554
23555
23557
23564
23570
23571
23573
23574
23575
23578
23580
23589
23597
23598
23599
23601
23603
23604
23611
23613
23617
23625
23628
23630
23636
23638
23642
23643
23645
23646
23647
23648
23652
23657
23659
23662
23664
23665
23672
23674
23676
23678
23679
23682
23691
23693
23698
23699
23700
23702
23706
23708
23711
23715
23720
23721
23724
23729
23732
23737
23739
23744
23750
23756
23767
23769
23780
23782
23787
23788
23790
23791
23796
23804
23806
23807
23810
23812
23814
23817
23821
23824
23827
23828
23829
23836
23838
23842
23843
23845
23847
23860
23862
23864
23867
23872
23873
23876
23879
23900
23901
23903
23904
23906
23907
23913
23915
23916
23918
23926
23928
23930
23931
23932
23933
23935
23937
23938
23940
23942
23948
23949
23953
23955
23958
23963
23965
23975
23980
23985
23989
23992
23997
24003
24004
24010
24015
24018
24023
24031
24033
24034
24040
24044
24048
24050
24051
24053
24054
24055
24057
24061
24065
24067
24068
24075
24076
24077
24091
24096
24101
24103
24104
24107
24109
24111
24112
24113
24116
24122
24126
24134
24136
24137
24139
24146
24148
24151
24153
24156
24157
24166
24176
24177
24178
24181
24184
24187
24189
24190
24191
24200
24201
24206
24209
24216
24218
24219
24221
24222
24229
24233
24234
24239
24246
24247
24252
24256
24257
24259
24260
24261
24263
24265
24272
24273
24277
24279
24281
24284
24285
24291
24294
24302
24303
24305
24313
24323
24325
24328
24332
24335
24341
24345
24346
24350
24351
24354
24360
24368
24369
24372
24374
24377
24378
24379
24384
24386
24389
24390
24394
24395
24396
24397
24400
24402
24405
24413
24414
24417
24423
24425
24428
24433
24436
24438
24439
24441
24442
24444
24446
24449
24455
24456
24458
24459
24460
24461
24467
24480
24482
24484
24489
24492
24494
24495
24496
24499
24504
24511
24512
24519
24522
24523
24525
24527
24529
24530
24531
24536
24540
24543
24546
24550
24551
24552
24558
24559
24560
24561
24563
24570
24573
24580
24581
24586
24590
24594
24595
24598
24600
24607
24608
24611
24613
24616
24621
24622
24623
24624
24625
24626
24630
24634
24636
24639
24640
24645
24650
24661
24662
24665
24666
24668
24673
24674
24676
24682
24684
24685
24689
24690
24692
24693
24694
24701
24703
24706
24713
24723
24724
24729
24733
24737
24740
24744
24745
24746
24750
24751
24753
24757
24758
24768
24770
24772
24774
24775
24776
24779
24781
24785
24786
24789
24794
24795
24796
24802
24804
24807
24809
24812
24814
24817
24818
24823
24826
24827
24830
24831
24837
24843
24845
24849
24855
24862
24872
24874
24875
24877
24880
24884
24885
24890
24891
24894
24895
24899
24901
24904
24914
24915
24916
24918
24921
24922
24923
24924
24925
24928
24935
24941
24946
24950
24952
24953
24954
24958
24959
24963
24969
24970
24972
24975
24976
24989
24990
25002
25010
25013
25016
25022
25040
25042
25043
25046
25047
25054
25055
25063
25065
25066
25067
25070
25074
25075
25081
25083
25084
25085
25091
25092
25093
25095
25102
25112
25116
25118
25121
25123
25126
25128
25129
25132
25135
25141
25142
25143
25144
25150
25151
25152
25154
25155
25156
25159
25160
25162
25167
25170
25175
25184
25190
25191
25195
25201
25203
25207
25213
25214
25220
25221
25223
25236
25239
25240
25242
25243
25247
25248
25253
25254
25257
25258
25259
25263
25266
25267
25269
25272
25274
25276
25278
25279
25281
25283
25287
25292
25295
25296
25302
25303
25312
25315
25316
25319
25322
25323
25325
25337
25339
25342
25343
25349
25351
25354
25363
25364
25365
25369
25370
25380
25384
25393
25394
25399
25402
25404
25405
25406
25407
25413
25419
25424
25436
25439
25440
25442
25444
25447
25452
25459
25462
25464
25466
25467
25469
25470
25472
25473
25474
25476
25480
25481
25482
25486
25489
25490
25491
25492
25493
25503
25504
25507
25508
25509
25511
25513
25515
25518
25524
25530
25542
25544
25560
25564
25566
25569
25572
25573
25575
25579
25580
25583
25584
25585
25586
25589
25590
25593
25595
25600
25601
25604
25607
25609
25613
25615
25619
25620
25621
25623
25626
25628
25631
25633
25641
25647
25650
25651
25652
25658
25660
25661
25663
25664
25666
25667
25668
25674
25677
25680
25681
25690
25692
25698
25699
25700
25702
25712
25713
25720
25721
25723
25727
25729
25731
25738
25740
25748
25753
25755
25756
25762
25764
25765
25768
25775
25777
25784
25785
25787
25792
25798
25799
25801
25802
25803
25805
25806
25808
25819
25822
25823
25827
25828
25831
25837
25840
25842
25844
25847
25851
25854
25856
25857
25859
25861
25862
25868
25875
25876
25881
25885
25888
25893
25894
25898
25901
25904
25905
25910
25913
25920
25921
25924
25928
25930
25933
25935
25936
25937
25939
25954
25958
25959
25961
25963
25966
25977
25979
25981
25982
25984
25996
25997
26001
26002
26008
26010
26011
26013
26016
26017
26018
26020
26023
26028
26029
26033
26034
26037
26038
26039
26041
26043
26044
26045
26050
26053
26057
26058
26059
26061
26062
26065
26066
26067
26073
26077
26079
26080
26084
26089
26091
26093
26096
26098
26099
26100
26102
26113
26115
26116
26117
26118
26121
26124
26126
26127
26131
26136
26139
26142
26151
26152
26155
26158
26160
26164
26166
26170
26175
26176
26181
26183
26187
26188
26190
26192
26194
26196
26198
26202
26203
26205
26211
26214
26216
26217
26220
26222
26224
26228
26231
26232
26233
26235
26237
26238
26244
26245
26254
26255
26258
26259
26260
26262
26264
26265
26268
26271
26272
26274
26278
26282
26284
26289
26292
26294
26296
26297
26304
26306
26313
26318
26324
26326
26332
26333
26342
26343
26344
26349
26351
26353
26357
26359
26362
26363
26364
26366
26368
26369
26375
26380
26383
26384
26388
26389
26390
26392
26396
26397
26398
26400
26403
26405
26406
26412
26417
26428
26430
26435
26443
26445
26448
26454
26455
26469
26470
26474
26475
26477
26488
26489
26490
26492
26494
26501
26507
26516
26520
26533
26535
26536
26540
26541
26545
26553
26558
26564
26571
26573
26575
26576
26579
26580
26584
26585
26586
26589
26596
26604
26614
26624
26626
26627
26629
26630
26631
26633
26635
26637
26640
26641
26644
26645
26646
26649
26653
26657
26659
26665
26666
26669
26677
26688
26693
26696
26699
26700
26705
26708
26711
26713
26714
26716
26717
26718
26724
26726
26731
26736
26744
26747
26752
26757
26758
26761
26764
26766
26774
26787
26789
26799
26801
26802
26806
26811
26817
26818
26832
26833
26836
26837
26839
26848
26861
26867
26868
26871
26872
26874
26876
26881
26882
26883
26887
26888
26891
26894
26896
26899
26900
26903
26904
26906
26908
26910
26916
26918
26920
26929
26930
26931
26933
26941
26942
26945
26950
26951
26957
26960
26963
26964
26967
26969
26971
26974
26976
26977
26979
26980
26985
26987
26991
26994
26995
27000
27005
27009
27015
27023
27025
27026
27027
27029
27032
27034
27041
27051
27055
27056
27058
27059
27060
27066
27067
27073
27075
27079
27082
27084
27090
27093
27096
27107
27109
27110
27112
27113
27117
27118
27121
27123
27124
27125
27126
27129
27135
27136
27142
27147
27150
27151
27156
27159
27167
27168
27170
27172
27176
27177
27184
27187
27191
27203
27224
27229
27235
27242
27247
27249
27252
27253
27257
27262
27266
27270
27290
27291
27300
27304
27309
27310
27314
27315
27316
27320
27326
27330
27331
27335
27338
27339
27341
27347
27351
27352
27353
27354
27356
27359
27360
27367
27368
27370
27375
27376
27382
27383
27388
27389
27394
27395
27399
27402
27403
27405
27406
27414
27416
27417
27418
27420
27421
27422
27424
27434
27440
27441
27451
27452
27462
27469
27474
27478
27480
27481
27483
27486
27488
27495
27498
27502
27503
27511
27512
27514
27516
27524
27525
27526
27529
27530
27532
27533
27537
27539
27540
27541
27545
27546
27547
27548
27556
27558
27566
27567
27568
27571
27573
27578
27582
27583
27586
27588
27589
27591
27593
27595
27597
27602
27603
27604
27607
27609
27610
27613
27615
27616
27621
27622
27624
27627
27641
27642
27647
27652
27653
27656
27657
27660
27661
27666
27667
27675
27676
27677
27686
27690
27691
27692
27693
27694
27695
27704
27706
27710
27715
27716
27723
27726
27727
27729
27734
27738
27739
27741
27744
27747
27748
27752
27754
27756
27758
27759
27760
27764
27771
27774
27778
27785
27789
27801
27807
27813
27815
27816
27818
27819
27824
27825
27827
27829
27830
27833
27834
27842
27844
27847
27852
27859
27870
27876
27877
27878
27879
27880
27882
27884
27885
27889
27890
27891
27899
27900
27903
27908
27924
27932
27933
27934
27941
27942
27945
27946
27947
27948
27949
27951
27952
27954
27955
27960
27966
27967
27968
27970
27975
27978
27981
27985
27994
27995
27996
28002
28004
28005
28006
28008
28009
28015
28022
28024
28025
28026
28027
28036
28038
28043
28050
28053
28057
28061
28064
28065
28066
28068
28070
28080
28082
28089
28090
28092
28094
28095
28109
28112
28117
28118
28121
28131
28132
28135
28136
28138
28140
28143
28146
28150
28156
28158
28161
28167
28168
28171
28172
28174
28177
28181
28182
28184
28185
28186
28196
28201
28205
28207
28211
28213
28214
28215
28218
28222
28234
28236
28238
28240
28247
28250
28252
28254
28257
28263
28265
28269
28270
28271
28273
28274
28275
28281
28284
28290
28293
28296
28300
28301
28320
28321
28322
28324
28326
28328
28342
28343
28347
28350
28352
28355
28357
28363
28367
28368
28369
28377
28379
28381
28382
28383
28384
28385
28388
28390
28391
28396
28398
28400
28403
28404
28408
28411
28418
28420
28421
28424
28428
28429
28434
28436
28437
28438
28439
28442
28443
28450
28452
28456
28461
28462
28464
28467
28472
28473
28475
28478
28482
28483
28484
28485
28486
28493
28494
28496
28500
28504
28507
28510
28511
28512
28513
28517
28522
28525
28530
28531
28532
28533
28538
28543
28545
28560
28561
28562
28565
28567
28568
28570
28572
28575
28577
28578
28579
28580
28591
28593
28597
28599
28601
28605
28607
28609
28611
28614
28616
28624
28627
28629
28634
28636
28638
28639
28640
28644
28646
28648
28649
28651
28652
28654
28660
28663
28666
28669
28672
28676
28684
28685
28687
28689
28692
28697
28701
28702
28706
28709
28710
28711
28713
28720
28721
28730
28732
28733
28736
28744
28745
28748
28752
28753
28754
28756
28758
28764
28768
28779
28783
28785
28791
28792
28805
28807
28808
28817
28818
28828
28830
28833
28836
28843
28845
28847
28862
28870
28871
28872
28873
28886
28889
28892
28898
28901
28903
28906
28907
28909
28911
28915
28916
28919
28920
28923
28925
28928
28933
28935
28937
28951
28956
28958
28959
28960
28961
28966
28973
28975
28976
28977
28982
28983
28989
28999
29004
29005
29007
29008
29010
29013
29016
29017
29018
29020
29023
29032
29043
29046
29047
29048
29051
29055
29056
29057
29059
29061
29067
29069
29072
29073
29076
29077
29081
29092
29096
29103
29104
29107
29109
29113
29114
29115
29118
29122
29127
29134
29135
29138
29145
29146
29149
29151
29152
29161
29163
29170
29175
29179
29180
29186
29188
29192
29194
29195
29197
29198
29201
29203
29205
29207
29211
29212
29217
29219
29223
29224
29232
29233
29238
29240
29241
29242
29243
29252
29257
29260
29265
29267
29271
29272
29273
29274
29276
29284
29286
29288
29294
29296
29298
29303
29307
29312
29315
29322
29324
29328
29333
29346
29351
29354
29359
29365
29366
29371
29372
29379
29381
29382
29390
29398
29399
29408
29409
29411
29415
29416
29417
29418
29420
29423
29424
29425
29426
29429
29433
29434
29438
29442
29443
29445
29449
29455
29458
29461
29462
29464
29471
29472
29474
29475
29478
29479
29480
29482
29483
29484
29489
29490
29491
29499
29500
29503
29504
29507
29518
29527
29528
29531
29533
29534
29539
29540
29541
29544
29545
29549
29553
29554
29555
29558
29560
29562
29564
29565
29567
29570
29573
29574
29577
29580
29582
29586
29589
29591
29595
29600
29608
29614
29620
29622
29624
29626
29635
29638
29639
29640
29645
29652
29655
29665
29670
29672
29680
29681
29683
29684
29690
29697
29698
29700
29705
29709
29711
29715
29719
29721
29722
29729
29732
29745
29747
29751
29753
29758
29765
29767
29769
29773
29775
29777
29778
29779
29781
29782
29791
29792
29795
29796
29800
29801
29809
29815
29818
29819
29820
29823
29827
29829
29830
29832
29836
29838
29839
29840
29845
29848
29849
29851
29852
29855
29858
29861
29865
29868
29872
29876
29877
29879
29885
29886
29889
29892
29894
29898
29905
29906
29909
29911
29914
29915
29918
29924
29927
29931
29933
29934
29936
29943
29944
29945
29946
29947
29949
29951
29955
29958
29960
29961
29962
29965
29972
29976
29978
29982
29983
29994
29995
29996
29999
30001
30006
30019
30020
30022
30028
30029
30032
30034
30035
30036
30039
30045
30056
30059
30062
30067
30072
30079
30080
30083
30086
30090
30091
30092
30097
30101
30105
30115
30118
30120
30126
30127
30134
30138
30139
30143
30146
30151
30158
30167
30171
30172
30175
30176
30178
30180
30181
30183
30184
30191
30194
30195
30196
30200
30203
30204
30205
30210
30215
30217
30220
30222
30225
30227
30230
30232
30233
30235
30239
30240
30248
30252
30254
30259
30264
30266
30276
30278
30281
30286
30287
30289
30290
30293
30303
30307
30308
30310
30311
30313
30315
30318
30324
30326
30328
30330
30333
30338
30343
30350
30352
30353
30358
30360
30362
30364
30366
30367
30369
30372
30374
30376
30378
30379
30380
30382
30383
30386
30396
30397
30398
30411
30413
30419
30421
30422
30425
30426
30428
30431
30433
30434
30435
30437
30441
30442
30450
30459
30462
30463
30475
30485
30486
30487
30490
30493
30496
30500
30503
30508
30509
30514
30517
30521
30524
30527
30528
30530
30532
30535
30536
30540
30544
30546
30551
30554
30555
30559
30560
30567
30574
30575
30576
30577
30581
30584
30585
30588
30593
30596
30597
30601
30604
30613
30615
30618
30619
30620
30624
30627
30633
30634
30638
30639
30650
30651
30654
30656
30657
30661
30668
30669
30670
30671
30674
30681
30682
30683
30688
30697
30698
30703
30704
30710
30713
30714
30719
30720
30721
30723
30724
30725
30730
30731
30733
30734
30735
30744
30746
30750
30756
30759
30762
30769
30771
30772
30773
30775
30776
30778
30780
30787
30790
30793
30802
30805
30806
30807
30810
30811
30815
30818
30821
30829
30832
30833
30834
30842
30865
30867
30870
30874
30877
30878
30880
30885
30889
30892
30895
30897
30898
30899
30900
30904
30912
30913
30919
30931
30933
30934
30936
30943
30948
30951
30953
30958
30959
30960
30961
30962
30964
30965
30966
30973
30981
30983
30985
30992
30993
30994
31007
31008
31018
31020
31021
31033
31034
31037
31039
31042
31043
31044
31045
31047
31048
31049
31050
31053
31054
31059
31060
31063
31068
31069
31072
31074
31078
31080
31082
31093
31094
31097
31098
31115
31116
31120
31122
31132
31135
31136
31141
31145
31157
31161
31166
31167
31168
31169
31172
31175
31176
31184
31185
31187
31190
31192
31193
31196
31202
31205
31207
31219
31222
31225
31230
31238
31242
31246
31254
31263
31265
31270
31271
31273
31274
31275
31276
31277
31282
31285
31291
31294
31296
31306
31312
31314
31315
31316
31322
31323
31325
31327
31329
31330
31331
31336
31337
31338
31339
31343
31347
31351
31356
31359
31360
31361
31362
31368
31371
31372
31374
31375
31376
31378
31384
31387
31388
31390
31393
31407
31413
31418
31419
31428
31429
31432
31437
31439
31440
31443
31447
31449
31451
31453
31455
31457
31467
31474
31477
31478
31484
31485
31487
31489
31490
31493
31501
31514
31515
31520
31525
31529
31533
31534
31538
31539
31541
31545
31546
31548
31551
31554
31557
31562
31563
31569
31572
31573
31588
31590
31599
31600
31604
31607
31608
31609
31611
31613
31618
31623
31628
31634
31638
31640
31646
31647
31649
31652
31653
31656
31659
31663
31667
31679
31682
31684
31685
31686
31689
31690
31696
31697
31702
31703
31711
31718
31720
31723
31725
31731
31732
31734
31741
31747
31750
31754
31756
31757
31760
31766
31768
31769
31771
31775
31776
31778
31779
31782
31785
31790
31791
31792
31793
31794
31795
31798
31804
31805
31806
31807
31808
31809
31811
31815
31819
31822
31824
31826
31828
31829
31830
31832
31833
31835
31836
31837
31839
31842
31847
31848
31850
31851
31853
31854
31856
31861
31865
31869
31877
31878
31881
31886
31895
31896
31900
31911
31912
31913
31914
31918
31921
31924
31932
31936
31939
31940
31943
31945
31948
31952
31957
31959
31962
31963
31964
31969
31973
31975
31983
31985
31987
31990
31991
31995
31996
32001
32004
32005
32008
32014
32016
32027
32028
32032
32041
32042
32044
32047
32050
32054
32055
32063
32066
32080
32099
32102
32107
32108
32109
32111
32113
32118
32120
32122
32123
32126
32132
32138
32140
32142
32143
32148
32151
32153
32158
32161
32162
32163
32167
32175
32177
32186
32187
32188
32193
32203
32205
32207
32221
32223
32230
32232
32233
32237
32242
32246
32248
32249
32251
32253
32254
32259
32264
32265
32270
32276
32285
32290
32291
32293
32294
32295
32296
32298
32299
32301
32302
32303
32308
32309
32311
32313
32319
32322
32323
32328
32335
32337
32340
32341
32345
32347
32349
32351
32352
32353
32360
32361
32363
32367
32370
32371
32375
32383
32385
32387
32388
32389
32392
32401
32402
32405
32406
32407
32408
32409
32417
32425
32426
32429
32430
32431
32432
32433
32434
32441
32455
32456
32457
32458
32464
32466
32482
32483
32484
32485
32486
32490
32492
32493
32498
32502
32503
32507
32509
32520
32524
32533
32536
32539
32540
32544
32545
32548
32554
32556
32559
32562
32564
32565
32569
32570
32572
32576
32577
32578
32589
32590
32591
32594
32597
32608
32610
32613
32614
32626
32629
32632
32635
32638
32641
32642
32647
32652
32655
32657
32664
32670
32672
32678
32679
32680
32683
32686
32687
32690
32691
32693
32695
32699
32701
32703
32704
32710
32711
32714
32718
32720
32721
32722
32725
32729
32734
32736
32748
32750
32752
32755
32757
32760
32762
32771
32775
32784
32788
32789
32791
32792
32795
32796
32808
32813
32814
32816
32818
32823
32825
32829
32830
32836
32843
32846
32868
32871
32875
32877
32879
32880
32884
32887
32889
32897
32904
32917
32920
32921
32922
32924
32925
32927
32929
32933
32935
32938
32940
32953
32958
32959
32967
32969
32970
32971
32973
32975
32979
32981
32983
32985
32993
32994
32998
32999
33001
33004
33012
33015
33017
33022
33023
33028
33031
33034
33035
33040
33045
33049
33056
33057
33059
33064
33068
33069
33079
33083
33089
33102
33109
33110
33113
33119
33121
33123
33125
33132
33133
33135
33138
33139
33141
33142
33144
33153
33160
33164
33166
33168
33170
33173
33178
33181
33183
33188
33189
33190
33196
33197
33199
33203
33204
33209
33212
33220
33221
33223
33225
33226
33231
33232
33234
33236
33240
33242
33243
33245
33246
33247
33250
33252
33253
33254
33260
33262
33264
33271
33272
33273
33276
33277
33283
33288
33289
33290
33291
33293
33295
33297
33312
33319
33320
33321
33323
33326
33327
33329
33331
33335
33337
33340
33341
33344
33348
33351
33355
33356
33357
33364
33365
33369
33371
33377
33383
33387
33392
33397
33398
33403
33404
33417
33420
33422
33424
33426
33431
33434
33438
33439
33440
33444
33447
33448
33450
33457
33459
33463
33466
33470
33475
33476
33481
33487
33488
33492
33497
33502
33503
33507
33508
33511
33514
33522
33523
33524
33531
33532
33537
33538
33541
33543
33545
33552
33554
33555
33561
33568
33574
33575
33578
33579
33580
33585
33589
33590
33591
33592
33593
33594
33598
33607
33610
33611
33620
33621
33622
33624
33633
33636
33648
33649
33652
33653
33654
33658
33659
33661
33664
33665
33667
33671
33673
33674
33675
33677
33680
33693
33701
33704
33705
33707
33708
33712
33716
33722
33725
33726
33727
33728
33731
33735
33738
33739
33742
33743
33748
33749
33753
33759
33763
33764
33765
33768
33770
33772
33775
33777
33778
33781
33782
33784
33789
33793
33794
33798
33802
33804
33806
33807
33811
33814
33822
33834
33838
33855
33860
33863
33867
33868
33869
33874
33878
33886
33891
33893
33903
33904
33906
33907
33909
33913
33916
33919
33922
33924
33930
33933
33935
33936
33938
33945
33946
33948
33951
33952
33953
33954
33959
33960
33962
33967
33971
33973
33975
33978
33986
33988
33992
33997
33999
34010
34012
34017
34020
34022
34027
34030
34031
34032
34034
34038
34040
34043
34044
34045
34048
34050
34053
34054
34062
34064
34066
34079
34082
34086
34087
34089
34090
34091
34094
34096
34099
34111
34116
34123
34127
34129
34131
34132
34137
34138
34141
34148
34150
34151
34156
34159
34162
34166
34172
34173
34175
34176
34180
34182
34183
34185
34186
34187
34192
34195
34200
34204
34208
34211
34213
34214
34216
34217
34218
34223
34224
34228
34231
34233
34238
34242
34244
34245
34252
34258
34260
34264
34270
34271
34281
34283
34288
34289
34293
34304
34307
34309
34315
34316
34317
34319
34321
34322
34323
34324
34329
34330
34335
34341
34342
34347
34351
34353
34354
34356
34359
34361
34362
34363
34365
34368
34369
34371
34375
34380
34381
34384
34387
34388
34389
34391
34394
34396
34399
34400
34402
34407
34410
34418
34419
34420
34427
34432
34433
34435
34438
34443
34445
34449
34451
34453
34454
34465
34468
34470
34481
34482
34491
34492
34497
34498
34503
34504
34506
34508
34509
34516
34517
34519
34522
34523
34529
34531
34535
34540
34546
34548
34549
34550
34555
34557
34561
34565
34566
34570
34572
34574
34589
34597
34599
34604
34605
34609
34611
34617
34620
34624
34630
34632
34635
34639
34640
34642
34646
34647
34649
34650
34652
34657
34659
34660
34665
34669
34671
34673
34675
34681
34688
34689
34690
34692
34694
34701
34702
34705
34707
34710
34714
34715
34724
34731
34732
34740
34741
34743
34744
34746
34748
34749
34750
34752
34753
34755
34757
34758
34764
34773
34777
34778
34786
34791
34800
34801
34804
34806
34810
34812
34825
34835
34837
34844
34847
34858
34861
34863
34864
34869
34875
34880
34881
34886
34888
34889
34890
34891
34899
34900
34908
34910
34914
34918
34919
34923
34925
34927
34930
34934
34939
34940
34943
34951
34952
34956
34957
34959
34963
34964
34965
34966
34972
34973
34975
34976
34979
34984
34989
34990
34991
34992
34993
35006
35011
35013
35022
35023
35025
35026
35028
35033
35034
35037
35040
35045
35048
35057
35062
35074
35083
35085
35088
35089
35090
35093
35095
35098
35102
35103
35106
35107
35111
35121
35131
35134
35135
35137
35143
35145
35146
35150
35152
35158
35159
35160
35161
35162
35166
35170
35171
35181
35183
35184
35187
35190
35191
35196
35198
35200
35201
35206
35207
35210
35211
35215
35217
35219
35222
35224
35230
35232
35235
35237
35238
35242
35244
35246
35247
35251
35261
35263
35266
35269
35277
35280
35281
35287
35288
35290
35291
35294
35297
35298
35299
35300
35302
35304
35308
35310
35312
35315
35322
35326
35331
35338
35339
35340
35341
35343
35344
35346
35349
35354
35360
35364
35376
35381
35386
35387
35388
35389
35390
35393
35395
35397
35398
35403
35406
35410
35413
35416
35420
35432
35434
35435
35442
35443
35445
35446
35448
35449
35450
35451
35471
35472
35479
35486
35489
35490
35494
35497
35501
35506
35508
35510
35513
35515
35516
35517
35518
35520
35521
35524
35528
35529
35540
35544
35546
35549
35552
35553
35554
35556
35559
35560
35576
35577
35578
35582
35585
35587
35588
35590
35591
35592
35593
35594
35599
35600
35604
35608
35613
35616
35618
35619
35622
35623
35624
35630
35631
35634
35637
35640
35644
35648
35649
35654
35655
35658
35664
35669
35673
35680
35683
35684
35686
35687
35689
35698
35701
35702
35703
35704
35707
35711
35715
35719
35724
35725
35727
35730
35736
35738
35739
35743
35748
35751
35752
35758
35759
35764
35765
35766
35767
35768
35774
35777
35780
35781
35788
35790
35791
35794
35797
35798
35799
35800
35801
35804
35805
35812
35813
35818
35820
35832
35833
35838
35839
35842
35844
35847
35849
35855
35856
35862
35863
35864
35869
35870
35872
35880
35882
35884
35892
35894
35897
35899
35900
35902
35904
35911
35912
35935
35937
35938
35943
35944
35945
35949
35952
35955
35959
35962
35965
35976
35983
35986
35987
35991
35995
36004
36009
36010
36015
36016
36017
36021
36023
36031
36034
36035
36041
36043
36044
36045
36049
36050
36053
36055
36056
36057
36060
36061
36064
36068
36073
36075
36081
36082
36088
36091
36098
36102
36104
36106
36107
36112
36113
36116
36119
36122
36125
36129
36136
36137
36142
36143
36147
36149
36155
36159
36160
36164
36165
36166
36167
36168
36173
36184
36186
36187
36192
36193
36199
36200
36203
36207
36212
36213
36214
36216
36227
36228
36232
36237
36242
36247
36249
36254
36258
36259
36265
36267
36268
36277
36279
36285
36287
36295
36298
36299
36301
36303
36305
36306
36310
36311
36314
36315
36319
36323
36326
36330
36331
36336
36337
36338
36347
36348
36350
36355
36356
36358
36359
36360
36362
36364
36366
36381
36382
36387
36388
36390
36395
36397
36399
36403
36405
36406
36407
36408
36410
36417
36418
36425
36428
36431
36434
36438
36440
36442
36443
36448
36450
36451
36453
36457
36458
36462
36468
36474
36475
36478
36480
36483
36484
36486
36489
36490
36494
36495
36497
36499
36500
36501
36502
36510
36512
36515
36523
36526
36527
36528
36529
36532
36533
36534
36538
36541
36542
36543
36545
36546
36547
36554
36559
36560
36564
36567
36570
36572
36574
36576
36578
36583
36584
36585
36587
36593
36594
36599
36601
36611
36612
36614
36615
36616
36619
36622
36623
36625
36631
36635
36636
36637
36638
36640
36644
36647
36653
36659
36661
36663
36664
36666
36667
36669
36671
36674
36675
36676
36677
36679
36684
36688
36692
36700
36703
36705
36707
36714
36717
36718
36724
36727
36730
36732
36737
36747
36748
36755
36756
36758
36762
36763
36764
36770
36771
36773
36775
36777
36781
36783
36788
36796
36798
36801
36802
36804
36808
36812
36815
36820
36822
36827
36829
36836
36838
36840
36844
36845
36849
36851
36852
36856
36857
36858
36866
36881
36882
36883
36884
36887
36889
36890
36897
36898
36903
36904
36906
36908
36910
36911
36913
36917
36920
36924
36925
36932
36934
36936
36941
36943
36948
36949
36951
36953
36956
36959
36969
36971
36972
36973
36979
36981
36982
36994
36997
36998
