3
6
16
18
24
31
33
56
68
69
72
85
91
93
94
106
121
153
162
170
176
188
190
202
208
213
215
217
248
250
254
259
261
269
284
287
301
304
321
328
329
345
349
383
384
394
398
402
404
405
407
427
435
438
450
461
467
475
480
482
492
498
508
515
521
525
526
538
539
546
558
571
612
619
623
624
645
652
682
690
691
697
706
724
726
739
763
774
778
789
807
809
829
831
837
847
851
865
870
875
876
888
889
894
901
902
906
925
929
936
942
958
959
984
1001
1013
1019
1020
1024
1026
1032
1040
1051
1054
1055
1071
1072
1079
1092
1096
1101
1103
1111
1116
1120
1123
1126
1128
1129
1130
1135
1145
1146
1153
1154
1161
1170
1179
1181
1188
1192
1196
1202
1210
1218
1225
1226
1229
1251
1254
1263
1270
1273
1300
1302
1308
1330
1332
1333
1356
1357
1372
1380
1400
1405
1413
1414
1416
1423
1424
1427
1451
1453
1461
1471
1474
1481
1488
1490
1495
1496
1501
1502
1530
1531
1545
1546
1554
1572
1590
1613
1615
1629
1632
1637
1639
1640
1641
1662
1672
1674
1680
1682
1691
1711
1727
1744
1751
1784
1793
1800
1808
1822
1827
1832
1846
1847
1848
1853
1864
1872
1874
1885
1888
1893
1897
1903
1910
1915
1916
1930
1935
1945
1958
1977
2002
2003
2004
2016
2021
2026
2027
2029
2044
2083
2090
2095
2125
2128
2129
2135
2140
2147
2150
2154
2180
2184
2197
2198
2207
2209
2210
2217
2220
2224
2226
2231
2241
2246
2253
2254
2260
2271
2286
2289
2290
2293
2299
2303
2317
2323
2351
2355
2364
2365
2375
2391
2401
2428
2429
2436
2437
2458
2461
2484
2490
2526
2528
2530
2537
2539
2544
2569
2570
2571
2573
2576
2586
2594
2602
2608
2621
2623
2625
2644
2646
2647
2662
2668
2676
2692
2693
2698
2711
2713
2714
2716
2722
2725
2741
2755
2758
2762
2780
2784
2795
2797
2799
2805
2812
2816
2823
2836
2843
2844
2854
2860
2883
2889
2895
2897
2909
2919
2926
2942
2957
2958
2965
2974
2976
2995
3000
3005
3010
3017
3021
3025
3052
3056
3057
3058
3062
3072
3077
3083
3090
3096
3097
3109
3112
3120
3133
3189
3190
3199
3203
3205
3212
3240
3242
3245
3251
3254
3256
3269
3273
3298
3299
3312
3317
3330
3331
3333
3340
3374
3382
3388
3393
3399
3403
3408
3410
3424
3427
3430
3455
3461
3471
3480
3489
3496
3507
3522
3530
3534
3535
3568
3619
3622
3626
3627
3630
3633
3640
3644
3661
3663
3690
3702
3710
3713
3733
3762
3765
3767
3778
3786
3829
3835
3839
3854
3865
3867
3879
3898
3903
3916
3932
3935
3939
3942
3949
3954
3967
3971
3988
3989
4002
4005
4016
4022
4028
4034
4041
4049
4051
4063
4064
4074
4085
4088
4106
4117
4128
4135
4139
4140
4141
4142
4157
4161
4169
4180
4182
4189
4192
4193
4207
4216
4217
4220
4230
4240
4246
4248
4263
4267
4282
4292
4293
4312
4321
4328
4332
4335
4337
4342
4346
4351
4369
4381
4419
4432
4439
4440
4444
4446
4456
4462
4468
4475
4477
4482
4495
4500
4508
4519
4520
4525
4526
4529
4541
4554
4556
4562
4571
4572
4578
4589
4592
4598
4607
4611
4624
4628
4639
4663
4665
4670
4684
4694
4702
4707
4712
4731
4740
4746
4755
4761
4762
4767
4769
4788
4789
4790
4802
4804
4813
4824
4828
4832
4838
4861
4862
4903
4912
4916
4919
4923
4925
4930
4933
4954
4961
4971
4974
4983
4986
4987
4989
5001
5015
5023
5027
5032
5039
5040
5061
5073
5079
5082
5084
5091
5100
5119
5122
5142
5144
5175
5177
5185
5189
5216
5224
5226
5229
5232
5234
5243
5252
5262
5277
5279
5285
5300
5311
5312
5316
5321
5326
5332
5336
5347
5351
5359
5370
5381
5383
5384
5388
5390
5418
5427
5428
5431
5437
5448
5455
5470
5474
5486
5491
5502
5508
5517
5524
5525
5540
5548
5558
5563
5564
5568
5576
5584
5587
5594
5605
5621
5623
5632
5639
5649
5655
5669
5690
5724
5727
5728
5733
5746
5748
5750
5760
5764
5783
5791
5792
5797
5814
5815
5822
5829
5840
5856
5860
5867
5872
5873
5882
5893
5901
5912
5969
5972
5976
5997
6003
6004
6015
6023
6031
6034
6055
6086
6098
6103
6131
6133
6155
6163
6181
6188
6197
6206
6214
6215
6220
6224
6253
6256
6268
6273
6280
6294
6298
6300
6301
6308
6312
6313
6320
6321
6337
6357
6363
6373
6379
6390
6391
6407
6409
6410
6413
6421
6442
6448
6453
6457
6461
6466
6468
6483
6487
6499
6503
6508
6509
6520
6535
6538
6539
6540
6558
6563
6581
6588
6602
6623
6633
6653
6661
6674
6675
6683
6693
6699
6715
6718
6720
6725
6730
6734
6735
6740
6745
6750
6769
6781
6787
6792
6797
6809
6813
6824
6827
6832
6834
6841
6842
6850
6858
6861
6870
6897
6901
6902
6903
6907
6910
6923
6925
6940
6952
6966
6970
6972
6993
7010
7022
7031
7039
7046
7053
7054
7055
7061
7065
7069
7076
7082
7084
7089
7093
7114
7123
7126
7143
7162
7163
7168
7170
7177
7183
7184
7187
7188
7192
7199
7207
7215
7233
7236
7240
7241
7243
7245
7247
7250
7254
7265
7268
7269
7271
7295
7298
7301
7309
7327
7332
7340
7343
7345
7370
7384
7385
7387
7390
7396
7408
7410
7418
7427
7448
7456
7472
7474
7479
7486
7493
7502
7516
7537
7541
7543
7556
7565
7585
7588
7600
7610
7611
7625
7641
7644
7652
7658
7682
7691
7692
7699
7703
7716
7730
7733
7743
7748
7764
7772
7784
7785
7787
7789
7796
7802
7808
7809
7819
7823
7827
7834
7835
7845
7852
7858
7860
7877
7885
7887
7894
7907
7923
7924
7931
7935
7938
7941
7971
7973
7977
7982
7984
7992
7994
8012
8027
8037
8039
8043
8047
8048
8057
8070
8082
8087
8094
8110
8112
8128
8143
8158
8159
8161
8195
8198
8199
8215
8216
8225
8226
8237
8239
8244
8247
8286
8292
8294
8298
8302
8309
8310
8319
8320
8325
8328
8345
8363
8364
8368
8373
8376
8381
8391
8393
8400
8405
8409
8417
8430
8432
8437
8439
8444
8452
8455
8465
8479
8483
8484
8497
8503
8528
8535
8546
8549
8556
8558
8560
8562
8569
8574
8577
8579
8610
8625
8632
8638
8647
8653
8655
8662
8673
8674
8699
8704
8717
8733
8735
8744
8750
8754
8758
8768
8780
8786
8791
8792
8809
8823
8825
8833
8841
8857
8859
8867
8869
8881
8883
8886
8892
8904
8920
8921
8924
8930
8933
8940
8947
8962
8974
8980
8992
8996
9003
9022
9027
9033
9035
9039
9060
9067
9084
9091
9092
9095
9102
9104
9118
9125
9137
9142
9143
9145
9165
9181
9183
9185
9201
9213
9222
9237
9238
9239
9241
9243
9248
9254
9259
9276
9293
9295
9297
9309
9311
9334
9343
9352
9353
9357
9370
9398
9410
9412
9424
9453
9454
9458
9482
9491
9494
9503
9504
9506
9517
9531
9541
9552
9556
9569
9574
9580
9584
9605
9611
9617
9633
9637
9654
9660
9674
9678
9696
9731
9743
9751
9760
9775
9779
9781
9809
9813
9829
9833
9843
9846
9884
9886
9890
9893
9895
9898
9918
9925
9933
9955
9958
9967
9970
9971
9991
10032
10069
10083
10085
10089
10095
10100
10102
10104
10109
10122
10128
10143
10161
10167
10174
10186
10189
10190
10200
10211
10215
10217
10220
10225
10230
10254
10255
10263
10266
10269
10271
10272
10275
10298
10326
10337
10345
10361
10382
10385
10390
10397
10402
10408
10409
10426
10432
10436
10438
10439
10462
10466
10470
10475
10499
10501
10517
10518
10530
10537
10545
10550
10562
10564
10568
10573
10609
10616
10628
10636
10648
10675
10704
10719
10720
10727
10734
10752
10762
10767
10771
10781
10809
10812
10813
10826
10833
10836
10837
10844
10853
10870
10871
10874
10894
10895
10906
10928
10929
10937
10938
10942
10946
10958
10959
10967
10970
10981
10984
10998
11003
11004
11006
11016
11047
11059
11061
11073
11083
11087
11089
11093
11094
11097
11107
11110
11122
11132
11142
11143
11170
11171
11174
11190
11197
11202
11204
11225
11236
11240
11241
11248
11249
11258
11265
11266
11268
11276
11280
11286
11311
11319
11322
11329
11334
11349
11353
11361
11362
11366
11371
11376
11381
11386
11395
11406
11412
11415
11420
11421
11422
11426
11433
11445
11452
11455
11459
11476
11498
11536
11543
11548
11552
11555
11570
11581
11584
11589
11591
11594
11621
11645
11660
11668
11670
11681
11685
11687
11692
11713
11719
11736
11752
11756
11759
11786
11808
11811
11813
11815
11817
11818
11821
11844
11846
11858
11859
11860
11868
11896
11902
11904
11917
11923
11924
11951
11964
11966
11969
11982
11986
11993
11996
12005
12037
12042
12052
12059
12069
12074
12079
12085
12088
12111
12115
12136
12147
12149
12151
12154
12158
12161
12166
12179
12185
12197
12200
12202
12207
12212
12236
12240
12251
12258
12276
12278
12284
12291
12295
12308
12317
12326
12338
12339
12355
12359
12361
12382
12386
12389
12391
12397
12401
12402
12407
12408
12411
12413
12425
12427
12444
12447
12448
12450
12454
12458
12475
12499
12502
12505
12514
12516
12518
12522
12525
12527
12537
12541
12545
12559
12560
12566
12582
12608
12617
12621
12629
12634
12638
12644
12647
12648
12651
12667
12677
12678
12699
12701
12713
12726
12740
12743
12759
12762
12770
12774
12777
12788
12795
12796
12797
12827
12837
12844
12853
12876
12883
12884
12893
12895
12898
12906
12922
12923
12928
12931
12943
12951
12976
12985
12988
13000
13029
13036
13043
13045
13056
13074
13101
13104
13105
13109
13113
13142
13147
13153
13172
13178
13182
13183
13201
13202
13210
13212
13238
13269
13297
13300
13313
13316
13323
13327
13339
13355
13361
13368
13384
13389
13390
13395
13397
13414
13416
13426
13427
13428
13436
13460
13461
13476
13481
13486
13488
13496
13512
13523
13534
13536
13541
13554
13558
13576
13582
13592
13611
13621
13628
13629
13632
13636
13645
13651
13668
13685
13703
13713
13715
13717
13721
13732
13735
13738
13749
13756
13757
13761
13773
13775
13779
13795
13823
13842
13850
13857
13876
13883
13889
13891
13899
13906
13907
13917
13931
13933
13937
13940
13947
13949
13954
13956
13962
13963
13964
13974
13983
13989
13995
14012
14018
14040
14060
14068
14079
14080
14081
14097
14103
14112
14131
14132
14134
14138
14171
14177
14180
14208
14215
14237
14247
14253
14268
14271
14288
14297
14311
14314
14327
14339
14342
14355
14357
14359
14369
14379
14381
14388
14394
14396
14400
14410
14429
14432
14446
14450
14451
14454
14471
14472
14477
14478
14484
14495
14496
14504
14507
14527
14528
14529
14546
14547
14564
14574
14577
14584
14601
14606
14616
14624
14647
14651
14657
14665
14668
14672
14680
14697
14705
14716
14717
14721
14734
14766
14770
14791
14796
14809
14821
14824
14838
14841
14852
14858
14861
14866
14869
14871
14878
14897
14901
14908
14915
14920
14933
14935
14937
14939
14942
14964
14967
14970
14979
14982
14983
14984
14986
14995
15001
15011
15014
15027
15030
15050
15051
15071
15076
15077
15080
15096
15106
15117
15118
15123
15125
15127
15142
15144
15149
15156
15166
15172
15187
15194
15195
15201
15204
15205
15208
15222
15244
15264
15275
15292
15304
15306
15309
15317
15337
15360
15369
15370
15374
15377
15381
15405
15411
15423
15456
15469
15474
15489
15499
15513
15515
15519
15524
15527
15565
15567
15568
15570
15572
15573
15576
15594
15598
15624
15630
15631
15638
15640
15643
15644
15651
15660
15662
15673
15676
15678
15682
15702
15718
15721
15727
15728
15740
15747
15748
15749
15753
15760
15771
15785
15786
15805
15825
15832
15835
15839
15846
15848
15859
15866
15879
15903
15912
15927
15932
15941
15947
15979
15994
16002
16009
16014
16022
16025
16044
16045
16060
16064
16070
16081
16084
16092
16093
16094
16103
16104
16107
16111
16112
16114
16119
16123
16140
16147
16171
16175
16185
16186
16198
16207
16208
16220
16230
16234
16270
16308
16311
16316
16325
16336
16354
16366
16389
16390
16392
16400
16401
16423
16428
16439
16446
16471
16484
16485
16513
16521
16523
16524
16527
16528
16575
16582
16584
16593
16594
16607
16618
16629
16632
16635
16639
16667
16695
16696
16701
16704
16709
16710
16713
16731
16735
16736
16745
16748
16750
16752
16759
16760
16763
16779
16786
16795
16798
16806
16815
16823
16831
16832
16851
16853
16854
16864
16875
16891
16895
16896
16901
16911
16925
16934
16945
16952
16962
16972
16976
16987
16991
17024
17043
17050
17051
17057
17058
17059
17100
17111
17115
17118
17120
17124
17131
17140
17148
17152
17164
17193
17225
17230
17241
17250
17253
17256
17300
17306
17313
17320
17322
17336
17367
17373
17375
17380
17383
17395
17416
17420
17423
17442
17448
17451
17496
17500
17524
17541
17547
17548
17567
17594
17598
17606
17629
17638
17644
17658
17671
17678
17681
17688
17698
17700
17723
17727
17738
17741
17743
17751
17754
17763
17764
17765
17766
17771
17803
17806
17810
17824
17845
17853
17873
17875
17892
17905
17922
17928
17942
17963
17977
17982
17983
17989
17999
18046
18050
18059
18063
18069
18082
18083
18099
18101
18109
18120
18130
18140
18143
18147
18155
18165
18168
18173
18181
18184
18193
18194
18202
18205
18206
18213
18226
18232
18254
18258
18272
18273
18286
18289
18292
18296
18297
18314
18319
18325
18344
18347
18353
18359
18361
18363
18372
18392
18395
18397
18400
18404
18411
18417
18418
18421
18446
18460
18463
18471
18482
18490
18493
18495
18496
18508
18510
18511
18515
18518
18533
18544
18547
18551
18563
18568
18584
18589
18609
18619
18626
18629
18633
18639
18642
18648
18652
18654
18665
18667
18670
18677
18687
18692
18701
18708
18710
18725
18739
18751
18758
18761
18768
18787
18793
18802
18804
18812
18813
18816
18827
18832
18839
18841
18843
18858
18859
18867
18872
18874
18879
18881
18882
18885
18886
18895
18898
18917
18952
18959
18967
18979
18980
18984
19003
19007
19008
19058
19061
19064
19065
19070
19082
19085
19087
19091
19094
19105
19112
19124
19128
19135
19140
19142
19155
19173
19178
19192
19197
19209
19212
19225
19241
19253
19257
19259
19263
19270
19279
19287
19289
19302
19317
19336
19343
19348
19369
19375
19378
19392
19415
19416
19419
19420
19428
19448
19452
19460
19461
19466
19475
19482
19487
19493
19494
19496
19501
19502
19503
19509
19511
19526
19528
19532
19540
19562
19564
19581
19595
19603
19607
19615
19626
19630
19637
19646
19648
19655
19664
19685
19692
19703
19705
19706
19709
19724
19731
19746
19747
19757
19758
19760
19763
19780
19786
19788
19790
19791
19792
19814
19831
19842
19846
19854
19855
19863
19894
19912
19916
19927
19931
19946
19948
19958
19969
19974
19978
19983
19993
20001
20014
20016
20022
20036
20041
20062
20074
20076
20080
20083
20104
20111
20116
20132
20134
20147
20153
20156
20160
20165
20170
20176
20177
20189
20192
20223
20228
20231
20236
20259
20272
20278
20282
20294
20322
20324
20328
20346
20372
20389
20391
20399
20430
20457
20469
20478
20480
20481
20492
20515
20529
20533
20542
20567
20568
20569
20577
20587
20588
20594
20603
20607
20610
20620
20622
20636
20644
20647
20655
20674
20685
20702
20707
20721
20726
20733
20742
20749
20761
20768
20779
20783
20787
20801
20813
20817
20843
20851
20858
20873
20885
20893
20916
20922
20929
20936
20943
20953
20954
20959
20971
20973
20975
21000
21008
21021
21070
21086
21101
21104
21106
21110
21116
21126
21128
21130
21134
21137
21147
21163
21166
21172
21201
21206
21211
21213
21219
21222
21225
21235
21239
21257
21265
21278
21287
21293
21296
21298
21314
21319
21330
21334
21335
21337
21338
21344
21350
21352
21355
21359
21363
21374
21384
21387
21405
21407
21418
21422
21435
21437
21447
21448
21462
21466
21467
21470
21482
21494
21498
21522
21535
21556
21562
21574
21577
21588
21592
21601
21611
21614
21617
21619
21622
21625
21629
21635
21653
21655
21657
21661
21665
21670
21682
21686
21687
21706
21714
21718
21728
21732
21733
21744
21745
21758
21760
21762
21780
21790
21793
21800
21804
21819
21830
21834
21835
21842
21845
21846
21861
21865
21867
21886
21888
21899
21918
21920
21922
21935
21942
21947
21952
21954
21956
21964
21965
21966
21967
22004
22009
22031
22061
22069
22087
22090
22093
22104
22105
22110
22114
22119
22137
22189
22193
22216
22223
22228
22229
22249
22259
22266
22277
22281
22282
22283
22339
22352
22353
22356
22360
22371
22377
22401
22428
22433
22447
22469
22483
22484
22485
22488
22493
22495
22509
22526
22527
22530
22535
22537
22559
22560
22565
22586
22597
22599
22612
22616
22629
22648
22655
22666
22669
22688
22692
22696
22719
22739
22756
22765
22766
22778
22782
22795
22809
22813
22817
22834
22850
22869
22889
22892
22896
22902
22906
22907
22916
22934
22938
22940
22948
22959
22963
22969
22981
23000
23003
23007
23032
23043
23050
23058
23060
23080
23082
23090
23091
23094
23096
23114
23132
23137
23161
23178
23182
23196
23212
23213
23217
23218
23221
23225
23234
23242
23244
23246
23258
23267
23273
23280
23281
23291
23292
23295
23304
23306
23316
23317
23318
23321
23326
23332
23333
23349
23360
23361
23368
23370
23374
23379
23389
23391
23405
23410
23418
23436
23443
23448
23452
23454
23459
23460
23467
23497
23513
23518
23532
23538
23539
23544
23547
23558
23567
23601
23612
23618
23620
23621
23627
23630
23667
23669
23682
23694
23696
23705
23709
23720
23724
23726
23727
23731
23742
23771
23775
23776
23785
23786
23813
23818
23826
23827
23834
23848
23865
23866
23867
23874
23896
23912
23921
23927
23934
23964
23973
23979
23981
23990
24001
24012
24014
24019
24021
24033
24047
24058
24072
24095
24098
24108
24123
24132
24140
24145
24146
24164
24168
24200
24213
24244
24245
24248
24262
24264
24271
24278
24289
24295
24308
24311
24320
24333
24338
24359
24363
24367
24373
24380
24381
24390
24403
24412
24419
24427
24431
24449
24455
24457
24458
24468
24475
24493
24499
24506
24507
24509
24514
24515
24517
24526
24535
24539
24571
24593
24597
24619
24623
24625
24630
24633
24653
24660
24664
24665
24670
24675
24691
24712
24729
24731
24732
24748
24755
24763
24776
24791
24793
24797
24801
24806
24811
24838
24852
24857
24867
24875
24879
24898
24901
24903
24907
24934
24991
24998
24999
25004
25019
25031
25036
25052
25062
25078
25080
25113
25117
25120
25133
25136
25148
25151
25207
25210
25227
25241
25246
25256
25264
25265
25275
25284
25291
25297
25320
25321
25324
25326
25328
25329
25340
25345
25353
25367
25381
25385
25390
25395
25397
25410
25411
25417
25422
25441
25445
25461
25495
25510
25523
25528
25571
25577
25614
25622
25627
25629
25634
25647
25649
25653
25657
25676
25683
25687
25703
25708
25709
25714
25716
25717
25745
25746
25752
25755
25778
25781
25789
25793
25812
25816
25826
25829
25830
25833
25845
25851
25864
25871
25872
25878
25883
25889
25890
25891
25892
25894
25897
25906
25914
25916
25917
25919
25926
25929
25940
25942
25947
25952
25953
25955
25972
25976
25978
26022
26042
26047
26063
26068
26073
26083
26094
26123
26136
26145
26156
26171
26173
26182
26185
26191
26208
26222
26247
26251
26261
26269
26282
26283
26295
26300
26301
26303
26309
26317
26336
26350
26367
26379
26383
26387
26391
26421
26423
26442
26446
26462
26468
26472
26479
26483
26484
26491
26500
26504
26537
26562
26563
26595
26600
26602
26613
26621
26636
26637
26643
26655
26662
26670
26671
26672
26673
26674
26694
26697
26699
26703
26704
26709
26723
26725
26730
26732
26734
26735
26741
26745
26748
26756
26768
26773
26775
26785
26788
26793
26794
26798
26812
26821
26830
26831
26832
26838
26845
26868
26880
26884
26886
26888
26921
26935
26936
26937
26953
26955
26975
26978
26981
26983
26990
26999
27001
27002
27003
27013
27039
27049
27081
27087
27091
27098
27102
27114
27129
27131
27151
27158
27164
27167
27171
27175
27180
27188
27192
27198
27201
27205
27207
27210
27221
27232
27234
27241
27243
27248
27254
27266
27276
27287
27295
27319
27322
27325
27333
27356
27358
27384
27387
27393
27397
27415
27430
27439
27450
27466
27468
27482
27487
27499
27505
27508
27513
27515
27522
27524
27537
27544
27551
27562
27569
27580
27592
27594
27626
27630
27632
27647
27648
27664
27673
27680
27714
27716
27737
27746
27749
27750
27772
27779
27780
27782
27791
27792
27805
27838
27840
27843
27846
27850
27858
27869
27887
27902
27905
27913
27928
27937
27958
27971
27983
27985
28001
28003
28007
28017
28039
28042
28044
28047
28049
28071
28076
28077
28082
28084
28085
28095
28100
28113
28119
28122
28123
28130
28139
28159
28163
28169
28189
28191
28193
28194
28197
28203
28204
28216
28227
28231
28237
28253
28268
28298
28305
28306
28312
28330
28345
28351
28358
28360
28362
28371
28372
28374
28397
28433
28445
28460
28506
28510
28516
28521
28535
28541
28547
28551
28553
28554
28558
28569
28573
28584
28586
28592
28595
28598
28604
28628
28630
28637
28650
28651
28656
28661
28662
28670
28694
28696
28705
28708
28715
28722
28724
28726
28736
28749
28780
28781
28787
28788
28790
28796
28797
28801
28829
28832
28833
28839
28850
28852
28865
28866
28880
28889
28891
28913
28923
28939
28945
28952
28962
28970
28974
28979
28985
28988
29030
29031
29041
29045
29053
29060
29064
29066
29070
29071
29078
29094
29106
29125
29139
29147
29156
29160
29165
29176
29206
29218
29227
29230
29237
29244
29246
29250
29272
29278
29282
29289
29302
29306
29308
29309
29325
29331
29347
29348
29349
29362
29367
29377
29385
29388
29392
29400
29401
29408
29428
29432
29451
29467
29481
29492
29497
29505
29506
29508
29542
29548
29549
29553
29556
29561
29572
29575
29578
29590
29613
29615
29621
29625
29628
29634
29636
29657
29664
29674
29675
29678
29691
29694
29710
29734
29748
29749
29762
29766
29768
29771
29787
29803
29804
29816
29820
29826
29837
29843
29844
29857
29862
29870
29878
29880
29883
29896
29924
29926
29929
29937
29940
29950
29954
29964
29967
29990
30004
30005
30008
30012
30021
30023
30024
30041
30047
30052
30054
30059
30063
30078
30081
30093
30096
30102
30113
30131
30141
30142
30148
30153
30162
30174
30179
30194
30201
30211
30223
30224
30226
30242
30244
30257
30258
30261
30267
30291
30296
30304
30321
30340
30344
30363
30367
30388
30392
30402
30403
30417
30426
30444
30448
30449
30466
30470
30471
30495
30498
30501
30506
30534
30541
30543
30548
30549
30557
30561
30562
30564
30568
30591
30592
30595
30609
30611
30612
30626
30628
30630
30636
30642
30644
30645
30647
30653
30655
30658
30667
30675
30676
30677
30679
30684
30694
30695
30705
30715
30737
30754
30760
30767
30778
30783
30789
30800
30815
30820
30830
30839
30842
30845
30858
30862
30864
30877
30879
30883
30888
30891
30896
30915
30916
30917
30923
30925
30940
30972
30975
30978
31003
31005
31011
31025
31037
31038
31040
31051
31052
31058
31063
31085
31088
31091
31108
31140
31148
31149
31154
31156
31163
31164
31171
31181
31182
31189
31198
31201
31203
31206
31214
31218
31231
31251
31262
31266
31272
31284
31293
31318
31321
31326
31334
31337
31344
31350
31361
31364
31366
31367
31370
31373
31377
31381
31389
31395
31409
31421
31427
31442
31450
31481
31482
31491
31496
31499
31519
31520
31534
31536
31558
31559
31577
31580
31584
31600
31602
31614
31633
31660
31691
31700
31705
31728
31739
31745
31764
31787
31789
31837
31841
31845
31857
31871
31890
31892
31916
31931
31933
31935
31949
31954
31958
31961
31971
31976
31979
31980
31989
31992
31993
31997
31999
32002
32020
32023
32026
32027
32031
32036
32053
32059
32064
32071
32072
32073
32075
32083
32085
32087
32094
32096
32098
32113
32116
32131
32134
32137
32147
32171
32172
32178
32179
32180
32189
32190
32198
32218
32227
32243
32252
32267
32273
32275
32307
32314
32332
32334
32339
32372
32376
32378
32381
32384
32400
32403
32405
32412
32416
32418
32419
32422
32428
32437
32443
32459
32460
32463
32470
32479
32480
32487
32504
32508
32515
32517
32528
32530
32532
32537
32543
32549
32557
32573
32574
32580
32582
32587
32593
32600
32614
32616
32620
32625
32628
32640
32648
32666
32672
32673
32680
32708
32723
32731
32742
32745
32746
32749
32767
32768
32774
32793
32801
32812
32815
32819
32823
32827
32838
32839
32841
32851
32857
32869
32876
32886
32892
32899
32903
32913
32915
32926
32928
32947
32968
32972
32989
33007
33011
33012
33026
33031
33036
33057
33062
33066
33078
33080
33090
33093
33097
33106
33107
33108
33113
33118
33124
33127
33140
33144
33154
33155
33169
33184
33192
33194
33198
33202
33224
33227
33228
33237
33249
33274
33287
33296
33302
33303
33309
33311
33317
33318
33324
33328
33337
33343
33346
33352
33385
33389
33391
33393
33394
33405
33424
33445
33451
33453
33460
33465
33473
33478
33495
33499
33505
33516
33517
33518
33519
33546
33557
33562
33581
33595
33600
33613
33615
33625
33630
33635
33656
33662
33666
33692
33695
33696
33699
33703
33718
33723
33745
33754
33761
33774
33780
33785
33790
33829
33833
33838
33847
33853
33859
33860
33877
33881
33897
33898
33900
33901
33902
33926
33931
33974
33980
33994
33996
34014
34019
34021
34028
34074
34075
34090
34092
34102
34103
34128
34135
34140
34146
34163
34181
34184
34198
34216
34230
34244
34253
34256
34257
34263
34279
34284
34297
34301
34302
34327
34334
34367
34373
34378
34390
34397
34401
34416
34421
34426
34428
34431
34457
34477
34478
34490
34495
34500
34501
34521
34524
34530
34537
34541
34559
34560
34569
34579
34588
34591
34592
34596
34614
34616
34637
34653
34655
34664
34679
34703
34711
34738
34742
34767
34772
34781
34783
34784
34788
34795
34805
34822
34827
34836
34842
34850
34852
34853
34854
34860
34877
34884
34894
34896
34903
34904
34913
34917
34924
34928
34944
34979
34995
35004
35005
35009
35023
35029
35051
35054
35059
35064
35072
35079
35080
35082
35096
35101
35109
35110
35136
35153
35154
35169
35202
35218
35252
35258
35265
35274
35276
35289
35295
35317
35321
35322
35325
35334
35367
35372
35374
35381
35399
35435
35436
35440
35463
35476
35477
35485
35500
35505
35516
35519
35523
35531
35536
35551
35568
35586
35596
35603
35612
35614
35617
35624
35625
35643
35653
35668
35671
35678
35679
35700
35703
35723
35739
35755
35760
35762
35769
35784
35785
35792
35795
35807
35816
35840
35850
35852
35853
35865
35874
35888
35889
35891
35895
35905
35914
35916
35924
35927
35942
35948
35960
35972
35977
35993
35997
36001
36012
36024
36058
36059
36067
36074
36077
36090
36115
36118
36120
36151
36152
36158
36161
36175
36177
36178
36179
36218
36222
36225
36231
36245
36251
36255
36256
36261
36269
36274
36283
36290
36304
36322
36326
36340
36371
36374
36378
36396
36409
36413
36420
36422
36423
36425
36437
36444
36461
36463
36470
36487
36488
36489
36499
36505
36511
36520
36525
36530
36552
36588
36590
36596
36598
36607
36608
36613
36647
36650
36662
36681
36691
36700
36706
36722
36723
36727
36731
36746
36750
36765
36769
36780
36782
36785
36803
36805
36814
36819
36820
36828
36849
36860
36864
36869
36875
36877
36880
36885
36896
36921
36933
36964
36965
36993
36999
