39
44
49
67
78
92
194
214
232
238
263
282
291
295
299
369
488
506
553
558
578
647
664
719
748
760
812
821
862
877
905
922
928
1073
1124
1126
1163
1176
1264
1275
1297
1376
1456
1468
1485
1500
1692
1702
1713
1760
1778
1780
1834
1870
1949
1960
2013
2082
2092
2103
2219
2224
2281
2285
2294
2296
2330
2374
2433
2441
2442
2454
2455
2479
2628
2645
2650
2685
2687
2706
2726
2759
2852
2901
2934
2949
2967
2981
3004
3008
3017
3100
3149
3209
3248
3368
3402
3476
3482
3490
3538
3623
3633
3641
3646
3695
3726
3743
3749
3752
3819
3853
3862
3886
3899
3914
3937
3955
3956
3969
4013
4035
4044
4053
4105
4130
4144
4204
4259
4291
4300
4387
4436
4546
4555
4556
4571
4591
4613
4734
4746
4781
4842
4848
4860
4934
5005
5015
5042
5073
5133
5199
5203
5218
5223
5308
5353
5394
5433
5435
5442
5482
5538
5539
5569
5589
5604
5607
5619
5647
5664
5888
6031
6068
6084
6091
6101
6154
6189
6191
6206
6249
6277
6306
6336
6392
6488
6521
6524
6533
6537
6577
6605
6615
6684
6770
6791
6799
6812
6920
6930
6983
6998
7005
7019
7067
7070
7074
7088
7113
7213
7237
7278
7292
7349
7362
7424
7431
7440
7462
7463
7523
7547
7559
7575
7591
7598
7609
7633
7678
7689
7758
7778
7786
7913
7950
8017
8038
8105
8206
8222
8257
8337
8352
8365
8445
8517
8575
8603
8611
8646
8711
8740
8802
8813
8846
8926
8949
8978
8998
9090
9094
9118
9154
9179
9230
9250
9259
9271
9293
9380
9394
9402
9420
9431
9484
9518
9530
9563
9634
9636
9659
9696
9705
9706
9759
9765
9802
9830
9923
9981
9982
10040
10082
10091
10110
10147
10208
10212
10228
10237
10252
10281
10319
10322
10337
10342
10346
10443
10466
10526
10533
10535
10547
10560
10583
10588
10598
10610
10644
10664
10675
10729
10733
10759
10822
10842
10875
10880
10893
10918
10933
10951
10954
10963
10983
11013
11024
11045
11075
11102
11129
11166
11184
11209
11269
11291
11296
11313
11387
11393
11419
11442
11530
11573
11724
11745
11761
11798
11801
11802
11804
11824
11871
11939
12006
12013
12029
12034
12079
12093
12147
12195
12227
12242
12268
12297
12306
12309
12314
12351
12365
12414
12453
12494
12520
12631
12678
12687
12693
12724
12755
12810
12872
12914
12920
12921
12923
12929
13005
13030
13090
13092
13148
13169
13177
13201
13245
13257
13271
13347
13406
13447
13491
13518
13524
13530
13539
13556
13561
13595
13601
13627
13644
13733
13734
13803
13834
13849
13894
13902
13912
13924
13957
13966
14123
14133
14134
14157
14231
14250
14329
14358
14389
14415
14430
14441
14476
14554
14563
14567
14615
14729
14745
14798
14815
14833
14834
14850
14891
14900
14903
14945
14973
15012
15067
15075
15132
15149
15196
15252
15363
15367
15373
15442
15561
15567
15585
15674
15734
15747
15762
15790
15799
15843
16003
16049
16059
16123
16148
16151
16205
16222
16298
16356
16373
16412
16420
16478
16546
16606
16612
16656
16669
16681
16739
16817
16832
16846
16879
16883
16908
16915
16918
16930
16980
17047
17056
17076
17082
17085
17088
17094
17119
17121
17158
17160
17192
17222
17223
17237
17254
17293
17295
17334
17387
17398
17446
17458
17460
17480
17481
17493
17511
17529
17647
17716
17737
17751
17755
17800
17801
17814
17900
17905
17934
18002
18012
18053
18161
18170
18180
18231
18240
18343
18387
18398
18422
18448
18479
18507
18525
18548
18585
18586
18629
18778
18886
18908
18995
18997
19006
19008
19013
19053
19062
19081
19090
19115
19129
19200
19258
19304
19319
19338
19349
19398
19427
19429
19490
19492
19502
19539
19608
19627
19653
19690
19708
19723
19824
19827
19838
19850
19861
19877
19884
19943
19961
19970
19978
20032
20053
20065
20105
20106
20176
20212
20257
20294
20340
20368
20422
20458
20460
20488
20490
20572
20619
20629
20635
20639
20702
20759
20780
20783
20805
20836
20846
20926
21068
21152
21172
21178
21189
21221
21279
21331
21339
21378
21409
21459
21473
21567
21671
21686
21693
21694
21699
21728
21742
21775
21788
21813
21851
21900
21931
21970
21974
22036
22046
22068
22072
22074
22187
22209
22278
22288
22300
22311
22317
22403
22424
22441
22470
22494
22511
22591
22636
22683
22776
22820
22833
22835
22847
22851
22872
22873
22902
22932
22975
22984
23002
23042
23044
23177
23195
23263
23297
23308
23323
23370
23407
23417
23557
23560
23569
23582
23586
23596
23618
23639
23641
23649
23663
23746
23775
23785
23857
23891
23905
23915
23936
23974
24045
24081
24154
24162
24243
24314
24344
24406
24416
24457
24476
24537
24549
24572
24582
24632
24671
24704
24707
24793
24824
24863
24873
24893
24897
24906
24933
24936
24943
24980
25009
25011
25037
25063
25090
25130
25137
25161
25185
25225
25248
25334
25336
25345
25366
25369
25403
25425
25538
25556
25559
25582
25583
25622
25665
25737
25760
25764
25838
25853
25873
25886
25902
25961
26021
26032
26110
26112
26138
26140
26147
26182
26199
26275
26299
26312
26331
26397
26416
26424
26458
26482
26505
26508
26517
26542
26554
26594
26639
26688
26712
26730
26809
26830
26860
26873
26885
26891
26905
26919
26926
26947
26976
26988
27006
27012
27050
27072
27086
27100
27127
27200
27222
27239
27327
27350
27369
27370
27404
27441
27444
27445
27543
27705
27712
27766
27795
27808
27820
27826
27837
27864
27931
27961
28013
28027
28037
28040
28051
28056
28069
28078
28083
28139
28144
28161
28223
28244
28248
28327
28339
28373
28459
28520
28566
28632
28720
28799
28816
28826
28879
28888
28902
28917
28927
28953
28955
28980
28989
29102
29120
29196
29246
29317
29338
29487
29488
29568
29592
29594
29627
29646
29687
29702
29712
29728
29735
29736
29750
29763
29770
29804
29963
30026
30048
30074
30081
30093
30107
30112
30123
30168
30215
30228
30249
30285
30288
30323
30339
30365
30451
30452
30474
30598
30700
30701
30709
30732
30778
30837
30866
30872
30884
30955
30984
31024
31030
31129
31203
31215
31217
31223
31241
31288
31326
31411
31479
31579
31580
31594
31629
31677
31684
31698
31742
31867
31947
31978
32017
32051
32057
32103
32106
32110
32130
32196
32200
32236
32245
32304
32306
32424
32513
32556
32557
32588
32606
32618
32624
32634
32668
32689
32693
32719
32748
32796
32834
32852
32907
32923
32935
33018
33082
33087
33094
33095
33147
33148
33150
33158
33322
33345
33384
33388
33401
33427
33435
33479
33491
33495
33500
33605
33610
33616
33651
33685
33758
33851
33861
33880
33882
33898
33917
33998
34036
34057
34097
34104
34149
34199
34212
34227
34249
34269
34351
34356
34376
34404
34435
34446
34472
34494
34499
34502
34511
34514
34528
34610
34634
34646
34661
34692
34695
34697
34776
34791
34806
34828
34840
34856
34882
34905
34974
35020
35035
35075
35110
35130
35133
35192
35267
35268
35296
35309
35311
35313
35320
35330
35352
35363
35366
35379
35401
35431
35436
35444
35532
35567
35591
35609
35646
35660
35662
35694
35770
35835
35891
35947
35950
35967
35975
35982
36013
36046
36072
36090
36126
36202
36239
36249
36275
36291
36326
36327
36369
36429
36434
36435
36481
36489
36503
36506
36517
36520
36539
36654
36660
36661
36690
36725
36728
36733
36765
36799
36843
36909
36918
36929
36980
36983
37000
