16
56
94
183
390
503
859
1009
1121
1252
1328
1344
1448
1655
1734
1891
2009
2084
2344
2658
2803
2823
2846
3311
3314
3401
3432
3744
3922
3977
4128
4161
4316
4485
4931
4935
5114
5201
5295
5467
5478
5991
6094
6142
6236
6319
6633
6654
7098
7131
7147
7305
7422
8147
8224
8453
8499
8626
8938
9233
9445
9594
9625
9681
9949
10107
10194
10532
10866
11032
11249
11413
11511
11546
11750
11809
11927
11937
12456
12472
12496
12573
12629
12742
12943
13116
13295
13543
14016
14048
14091
14119
14216
14275
14410
14472
14518
14607
15087
15241
15449
15587
15612
16246
16787
17093
17197
17243
17294
17523
17638
17930
18085
18248
18433
19079
19447
19625
19634
19840
19906
20107
20315
20579
20703
20986
21058
21174
21544
21799
21837
21940
22028
22464
22499
22505
22612
22786
22840
22904
22989
23103
23480
23491
23501
23502
23523
23669
23780
24000
24550
24669
24839
25146
25324
25503
25603
25640
25965
26249
26395
26412
26694
26968
27020
27022
27165
27261
27492
27587
27643
27922
28319
28430
28829
29254
29295
29316
29526
29601
29857
30056
30159
30160
30702
30938
30969
31035
31185
31240
31279
31930
31998
32027
32124
32531
32874
33533
33564
33568
33709
33958
34392
34515
34575
34824
35055
35061
35358
35465
35901
35941
36000
36092
36140
36412
36548
36750
36865
36964
