0
3
5
10
12
15
16
19
22
23
24
25
27
28
30
32
33
34
36
39
40
41
43
46
47
48
49
50
51
53
54
55
58
61
63
64
65
66
67
68
69
70
71
73
75
77
79
80
81
82
83
88
89
92
93
96
97
101
102
103
104
106
107
108
109
110
113
117
118
121
122
124
128
130
131
132
133
135
136
137
139
140
141
143
147
148
149
150
153
155
156
157
158
161
162
163
164
166
167
168
169
170
171
174
175
176
177
178
179
180
182
183
184
185
187
188
189
190
191
192
193
194
195
196
199
201
202
203
204
205
207
208
209
211
212
213
215
216
217
218
223
225
226
227
228
230
231
232
233
234
235
236
237
238
240
241
243
244
246
247
248
249
252
253
254
255
258
259
260
262
263
264
265
266
267
268
269
271
272
273
277
278
280
281
282
285
286
287
288
290
291
292
297
298
300
301
302
303
304
305
306
308
309
315
316
317
318
319
324
325
327
329
330
332
333
336
337
338
340
341
346
347
350
351
352
353
354
355
356
359
363
364
366
367
368
370
371
373
374
375
377
378
379
380
381
383
384
385
388
390
391
393
394
397
398
400
401
402
403
404
405
406
407
409
410
412
413
415
418
419
420
421
424
425
426
429
430
431
433
434
435
436
437
440
441
442
443
444
445
446
447
448
450
451
452
454
455
457
458
461
463
464
466
467
469
471
472
473
475
476
481
482
484
485
489
491
493
494
496
497
501
502
503
505
506
510
511
512
513
515
517
518
519
520
522
523
524
525
526
528
530
532
534
535
536
537
539
541
542
544
545
547
548
549
550
552
553
554
555
556
558
559
560
561
562
564
565
566
570
572
573
575
578
579
580
582
583
584
586
587
590
591
594
595
596
597
600
601
602
605
607
609
610
612
613
616
617
618
619
620
621
627
629
631
632
635
637
638
639
641
643
644
645
646
647
648
651
656
657
659
660
663
664
665
666
667
669
670
671
673
675
676
677
678
680
681
684
685
687
688
689
690
691
692
693
695
696
697
698
699
700
701
702
703
704
706
707
708
710
711
713
714
715
716
717
718
719
720
721
722
723
725
726
727
728
731
732
733
735
736
737
739
741
742
743
745
746
747
748
749
752
753
754
756
758
759
762
763
764
765
766
767
768
769
771
773
775
776
777
778
779
781
785
786
787
790
791
792
793
795
797
798
800
801
802
803
804
805
806
807
808
811
813
815
816
818
820
821
823
826
827
828
831
832
833
834
835
836
841
843
844
845
846
847
849
850
851
853
855
856
857
858
859
861
862
863
864
866
869
871
873
876
877
878
879
880
882
883
884
885
886
888
890
892
893
895
896
898
899
901
902
904
905
908
909
911
912
913
916
917
918
920
921
922
923
926
927
928
929
931
934
935
936
937
942
943
944
946
947
948
950
951
952
953
954
955
956
957
958
960
963
965
966
967
968
969
970
971
973
974
975
976
977
978
980
981
982
983
985
986
987
990
991
992
993
996
997
999
1000
1001
1002
1003
1007
1008
1009
1010
1011
1014
1015
1016
1018
1019
1022
1023
1024
1025
1026
1027
1032
1033
1034
1035
1036
1037
1038
1039
1040
1043
1045
1046
1047
1048
1049
1050
1053
1054
1055
1057
1058
1060
1063
1065
1066
1067
1068
1071
1072
1073
1077
1078
1081
1082
1083
1084
1086
1087
1088
1089
1090
1091
1092
1094
1096
1097
1099
1104
1105
1107
1108
1109
1110
1111
1112
1113
1114
1115
1116
1118
1119
1120
1121
1122
1124
1126
1127
1128
1129
1131
1133
1134
1135
1138
1141
1144
1145
1146
1148
1149
1150
1153
1155
1157
1159
1160
1164
1165
1166
1168
1170
1171
1172
1173
1175
1176
1177
1178
1179
1180
1181
1182
1183
1184
1188
1190
1191
1193
1194
1195
1196
1197
1198
1199
1200
1202
1206
1207
1208
1209
1211
1213
1216
1219
1220
1223
1225
1226
1227
1229
1233
1234
1235
1239
1240
1241
1243
1246
1247
1248
1251
1252
1253
1255
1257
1258
1260
1261
1262
1266
1267
1268
1270
1271
1272
1277
1278
1279
1280
1282
1285
1290
1291
1292
1293
1294
1299
1301
1302
1303
1304
1306
1308
1309
1310
1314
1315
1316
1317
1318
1319
1320
1321
1322
1324
1326
1327
1328
1329
1331
1333
1334
1335
1336
1337
1339
1340
1341
1342
1343
1344
1346
1347
1348
1349
1350
1352
1353
1355
1357
1358
1359
1360
1361
1363
1364
1365
1370
1371
1372
1374
1375
1378
1379
1381
1382
1383
1384
1385
1388
1389
1392
1394
1396
1398
1399
1402
1405
1408
1409
1410
1413
1415
1417
1418
1420
1421
1422
1424
1425
1426
1428
1429
1430
1431
1432
1434
1436
1437
1438
1439
1445
1447
1448
1449
1450
1451
1453
1454
1455
1458
1459
1460
1462
1463
1464
1465
1466
1467
1468
1469
1471
1474
1475
1476
1477
1479
1481
1483
1484
1485
1487
1488
1490
1491
1492
1493
1496
1498
1499
1500
1503
1504
1508
1513
1514
1516
1517
1519
1520
1522
1523
1525
1527
1529
1530
1532
1533
1534
1535
1538
1539
1542
1543
1544
1545
1546
1547
1548
1549
1550
1551
1552
1553
1554
1555
1556
1557
1558
1559
1560
1561
1562
1564
1565
1566
1567
1569
1570
1572
1574
1575
1576
1578
1579
1580
1581
1582
1583
1584
1585
1586
1587
1588
1589
1590
1591
1592
1593
1595
1596
1597
1598
1599
1600
1601
1602
1605
1609
1612
1613
1614
1615
1616
1617
1619
1622
1623
1624
1625
1626
1627
1628
1629
1630
1631
1632
1633
1634
1635
1636
1638
1639
1640
1641
1642
1644
1647
1648
1649
1650
1652
1653
1654
1655
1656
1657
1658
1660
1662
1663
1664
1666
1667
1668
1669
1671
1673
1674
1675
1677
1678
1681
1682
1683
1685
1686
1687
1688
1690
1691
1693
1694
1698
1702
1703
1704
1705
1706
1707
1708
1711
1713
1715
1717
1718
1719
1720
1721
1723
1724
1725
1726
1728
1729
1730
1731
1732
1733
1734
1736
1737
1738
1741
1744
1745
1746
1747
1748
1750
1751
1752
1753
1755
1756
1757
1758
1759
1760
1761
1763
1764
1765
1766
1768
1773
1774
1775
1776
1777
1779
1780
1782
1783
1787
1789
1790
1791
1792
1793
1796
1797
1798
1799
1800
1802
1804
1810
1812
1813
1814
1815
1816
1817
1818
1820
1821
1822
1823
1824
1825
1827
1831
1832
1833
1834
1835
1836
1839
1840
1841
1843
1844
1847
1848
1849
1850
1853
1855
1857
1859
1860
1861
1863
1864
1865
1869
1871
1872
1873
1874
1875
1876
1877
1878
1880
1881
1882
1883
1884
1885
1886
1887
1892
1893
1895
1897
1898
1902
1903
1904
1905
1906
1907
1908
1909
1910
1912
1913
1914
1915
1916
1917
1918
1919
1920
1921
1922
1923
1924
1926
1927
1928
1931
1932
1933
1934
1935
1936
1937
1941
1944
1945
1946
1947
1948
1949
1952
1954
1955
1956
1959
1963
1964
1965
1968
1969
1972
1973
1974
1976
1977
1978
1980
1981
1982
1983
1984
1987
1988
1989
1992
1996
1997
1999
2003
2006
2007
2008
2010
2011
2012
2013
2015
2017
2019
2020
2021
2022
2023
2024
2027
2029
2030
2031
2032
2033
2035
2036
2037
2038
2039
2040
2041
2042
2043
2049
2052
2054
2056
2057
2062
2065
2067
2068
2069
2071
2072
2073
2074
2075
2076
2078
2080
2081
2082
2084
2085
2086
2088
2090
2094
2097
2098
2099
2100
2101
2102
2103
2104
2105
2106
2107
2108
2109
2110
2111
2112
2113
2116
2117
2118
2122
2123
2124
2129
2131
2133
2134
2136
2137
2138
2139
2140
2141
2143
2145
2148
2150
2152
2153
2154
2155
2156
2157
2159
2162
2164
2165
2166
2167
2168
2170
2171
2173
2174
2176
2177
2178
2180
2181
2182
2184
2187
2189
2190
2191
2192
2195
2196
2197
2200
2201
2202
2203
2205
2206
2209
2210
2211
2212
2213
2218
2220
2221
2222
2223
2224
2225
2226
2227
2230
2232
2235
2236
2237
2238
2239
2241
2243
2245
2246
2247
2250
2252
2254
2255
2256
2257
2258
2259
2260
2263
2265
2267
2268
2271
2277
2278
2280
2285
2287
2288
2289
2290
2291
2293
2294
2295
2296
2297
2299
2300
2301
2304
2306
2307
2308
2311
2313
2314
2316
2317
2318
2319
2320
2321
2323
2326
2328
2329
2330
2332
2335
2336
2337
2339
2340
2341
2342
2347
2348
2349
2350
2351
2352
2353
2354
2355
2358
2359
2360
2363
2367
2368
2369
2371
2372
2374
2376
2377
2378
2380
2383
2386
2387
2388
2390
2391
2392
2397
2398
2401
2402
2404
2405
2406
2407
2409
2410
2412
2413
2414
2415
2416
2417
2418
2419
2420
2425
2426
2428
2430
2431
2433
2434
2435
2436
2439
2440
2441
2444
2445
2446
2447
2448
2450
2451
2453
2454
2456
2457
2458
2460
2461
2466
2467
2468
2469
2471
2472
2473
2474
2475
2476
2477
2479
2480
2482
2485
2487
2488
2489
2490
2491
2492
2493
2495
2496
2498
2499
2500
2504
2507
2511
2512
2513
2514
2517
2518
2521
2523
2524
2526
2527
2529
2532
2533
2534
2536
2539
2541
2542
2543
2544
2546
2548
2551
2552
2555
2556
2557
2559
2561
2562
2565
2566
2568
2569
2570
2571
2572
2573
2575
2576
2577
2578
2579
2580
2581
2582
2583
2584
2585
2586
2587
2589
2590
2591
2594
2597
2598
2603
2606
2609
2610
2613
2614
2616
2617
2618
2619
2620
2621
2622
2624
2626
2628
2629
2630
2631
2632
2636
2637
2638
2640
2646
2650
2651
2652
2654
2655
2657
2659
2661
2664
2666
2667
2670
2671
2672
2673
2674
2675
2676
2677
2680
2681
2682
2683
2684
2685
2686
2687
2689
2690
2692
2696
2698
2701
2702
2703
2704
2707
2708
2712
2713
2714
2715
2716
2718
2720
2721
2723
2724
2725
2726
2728
2731
2732
2733
2734
2735
2736
2740
2741
2742
2744
2745
2746
2748
2749
2751
2752
2755
2756
2759
2760
2762
2763
2767
2768
2770
2771
2772
2773
2774
2775
2784
2787
2790
2792
2793
2794
2796
2798
2799
2800
2801
2802
2806
2807
2809
2810
2811
2812
2814
2815
2817
2819
2820
2822
2824
2825
2827
2829
2830
2833
2836
2840
2841
2842
2845
2847
2850
2851
2854
2855
2856
2857
2859
2860
2861
2864
2865
2867
2869
2870
2872
2874
2875
2876
2878
2879
2880
2881
2883
2885
2887
2890
2891
2893
2894
2895
2896
2897
2899
2900
2902
2903
2904
2905
2908
2909
2911
2912
2913
2915
2916
2917
2918
2921
2925
2926
2927
2928
2929
2932
2937
2938
2939
2940
2941
2946
2947
2949
2950
2953
2954
2956
2957
2959
2964
2966
2967
2968
2974
2975
2976
2978
2979
2980
2982
2983
2985
2986
2990
2991
2993
2994
2996
2997
2998
2999
3000
3001
3002
3005
3006
3007
3008
3011
3012
3013
3015
3018
3022
3026
3030
3032
3034
3035
3036
3038
3039
3040
3043
3044
3045
3046
3047
3048
3049
3053
3055
3056
3057
3058
3059
3061
3063
3066
3067
3068
3070
3072
3073
3077
3079
3080
3081
3082
3087
3090
3092
3095
3096
3097
3098
3099
3100
3101
3102
3106
3107
3109
3110
3111
3112
3113
3114
3115
3116
3117
3119
3121
3124
3128
3130
3131
3132
3133
3134
3135
3136
3137
3138
3140
3141
3142
3143
3145
3146
3147
3148
3149
3151
3153
3154
3156
3158
3159
3160
3161
3162
3164
3165
3167
3169
3171
3172
3174
3175
3179
3180
3182
3183
3184
3185
3188
3189
3190
3191
3195
3197
3198
3201
3202
3203
3206
3207
3209
3210
3211
3213
3214
3215
3216
3217
3221
3223
3226
3229
3230
3232
3234
3235
3238
3239
3240
3241
3242
3243
3244
3245
3246
3250
3251
3252
3253
3257
3258
3260
3261
3262
3264
3266
3267
3268
3269
3271
3274
3275
3276
3279
3280
3281
3282
3283
3284
3285
3286
3290
3291
3292
3293
3296
3298
3299
3301
3302
3303
3305
3306
3308
3309
3311
3313
3315
3317
3318
3319
3320
3323
3324
3326
3327
3328
3330
3331
3332
3333
3337
3339
3340
3342
3345
3346
3347
3349
3352
3353
3356
3361
3362
3363
3365
3366
3368
3369
3371
3372
3373
3375
3376
3377
3379
3382
3383
3384
3385
3386
3388
3389
3390
3391
3392
3394
3396
3397
3400
3401
3402
3403
3405
3406
3407
3409
3410
3411
3412
3415
3418
3419
3421
3422
3423
3424
3426
3427
3428
3429
3430
3431
3432
3433
3434
3435
3436
3437
3439
3442
3444
3446
3449
3450
3451
3454
3457
3458
3459
3460
3463
3466
3468
3470
3471
3472
3473
3475
3476
3478
3480
3481
3483
3484
3485
3486
3487
3489
3490
3492
3493
3494
3495
3497
3498
3499
3502
3503
3504
3505
3506
3507
3508
3511
3513
3515
3517
3520
3521
3522
3523
3525
3526
3527
3528
3529
3531
3532
3534
3535
3537
3538
3539
3540
3541
3542
3547
3549
3550
3553
3554
3555
3556
3557
3558
3559
3561
3562
3564
3565
3566
3568
3569
3570
3571
3572
3573
3575
3578
3579
3581
3583
3584
3586
3588
3589
3591
3592
3593
3594
3595
3596
3598
3599
3600
3603
3604
3605
3606
3610
3611
3612
3614
3615
3617
3618
3619
3620
3621
3622
3624
3626
3627
3628
3630
3632
3634
3635
3639
3640
3641
3643
3644
3647
3648
3650
3651
3652
3654
3655
3656
3658
3659
3660
3662
3663
3664
3665
3668
3669
3671
3673
3674
3676
3678
3679
3680
3682
3683
3684
3685
3688
3690
3691
3694
3697
3698
3699
3700
3702
3703
3705
3706
3707
3708
3710
3711
3712
3713
3716
3717
3719
3720
3721
3723
3725
3726
3727
3728
3729
3730
3733
3734
3735
3736
3738
3740
3741
3742
3746
3747
3750
3753
3754
3757
3758
3761
3762
3763
3764
3765
3768
3769
3772
3773
3774
3775
3777
3778
3781
3782
3783
3784
3785
3787
3792
3793
3794
3796
3797
3798
3800
3801
3802
3803
3804
3805
3810
3812
3813
3815
3816
3817
3819
3820
3821
3822
3823
3824
3825
3826
3829
3835
3836
3837
3838
3842
3843
3845
3846
3848
3850
3851
3853
3854
3856
3857
3858
3859
3860
3861
3862
3863
3864
3865
3867
3868
3869
3870
3871
3872
3873
3874
3875
3876
3877
3882
3883
3884
3886
3887
3888
3889
3891
3892
3893
3894
3898
3899
3900
3901
3906
3907
3908
3910
3912
3913
3917
3921
3922
3924
3925
3926
3927
3928
3929
3930
3931
3932
3933
3934
3936
3937
3938
3941
3942
3943
3944
3947
3948
3949
3950
3952
3954
3955
3959
3960
3961
3962
3963
3964
3965
3968
3969
3970
3971
3972
3973
3974
3976
3977
3978
3980
3984
3985
3986
3987
3988
3989
3991
3994
3996
3998
3999
4000
4001
4002
4003
4004
4005
4006
4011
4012
4014
4015
4017
4021
4022
4023
4024
4025
4026
4027
4028
4030
4031
4033
4034
4036
4037
4039
4040
4041
4043
4044
4046
4047
4048
4049
4050
4052
4055
4059
4060
4061
4066
4067
4068
4070
4071
4072
4073
4074
4075
4076
4077
4078
4079
4080
4085
4086
4089
4091
4093
4094
4095
4096
4100
4101
4104
4105
4106
4107
4108
4109
4110
4112
4113
4115
4116
4120
4121
4122
4123
4124
4125
4126
4127
4130
4131
4132
4133
4134
4135
4136
4137
4139
4141
4142
4144
4147
4148
4149
4150
4152
4154
4155
4156
4159
4160
4161
4162
4163
4165
4167
4172
4173
4174
4175
4176
4177
4178
4181
4183
4184
4188
4189
4194
4195
4196
4197
4198
4199
4200
4201
4202
4203
4204
4207
4208
4209
4210
4211
4212
4214
4216
4217
4218
4220
4221
4222
4224
4225
4226
4227
4228
4230
4231
4232
4233
4235
4238
4241
4242
4243
4244
4246
4247
4248
4250
4251
4253
4254
4255
4257
4258
4260
4262
4264
4265
4267
4268
4270
4271
4273
4274
4275
4276
4277
4278
4279
4283
4284
4285
4286
4287
4289
4290
4291
4292
4294
4295
4296
4297
4299
4300
4303
4305
4306
4307
4308
4310
4311
4312
4313
4314
4317
4318
4320
4321
4323
4325
4328
4329
4330
4331
4334
4336
4338
4339
4341
4344
4346
4348
4351
4352
4354
4355
4357
4358
4359
4360
4361
4364
4365
4367
4370
4371
4372
4373
4376
4377
4379
4380
4381
4384
4385
4386
4387
4390
4391
4392
4393
4394
4397
4398
4399
4400
4401
4402
4403
4404
4407
4408
4409
4410
4413
4414
4415
4416
4418
4420
4421
4423
4424
4425
4428
4429
4430
4431
4436
4438
4441
4442
4443
4444
4445
4446
4448
4449
4450
4451
4453
4454
4455
4457
4458
4459
4460
4461
4462
4465
4467
4469
4470
4471
4473
4475
4476
4477
4479
4480
4481
4482
4483
4484
4487
4492
4493
4495
4496
4498
4501
4503
4504
4506
4508
4511
4513
4517
4518
4519
4521
4522
4523
4524
4526
4527
4529
4530
4531
4532
4533
4534
4535
4539
4540
4541
4544
4545
4546
4547
4550
4551
4552
4554
4555
4556
4557
4559
4561
4562
4563
4565
4566
4567
4568
4573
4574
4575
4577
4578
4580
4583
4586
4589
4592
4593
4596
4598
4599
4600
4601
4603
4604
4605
4607
4608
4610
4612
4614
4615
4616
4617
4618
4619
4620
4623
4625
4629
4630
4631
4634
4636
4637
4638
4641
4644
4647
4648
4649
4650
4651
4652
4653
4654
4657
4659
4660
4663
4664
4665
4668
4670
4671
4672
4673
4675
4677
4678
4679
4680
4681
4682
4684
4686
4689
4691
4692
4693
4694
4695
4697
4698
4701
4702
4703
4707
4708
4711
4713
4714
4715
4716
4717
4718
4722
4726
4728
4729
4732
4733
4735
4736
4737
4738
4739
4740
4741
4744
4745
4747
4748
4750
4751
4752
4753
4754
4755
4756
4757
4760
4761
4762
4763
4764
4765
4766
4768
4769
4770
4772
4773
4775
4776
4777
4778
4779
4780
4782
4784
4786
4787
4788
4790
4791
4792
4793
4794
4795
4796
4797
4799
4800
4801
4802
4803
4804
4805
4806
4807
4808
4809
4810
4811
4812
4813
4816
4817
4822
4824
4825
4826
4827
4829
4831
4832
4833
4834
4836
4838
4839
4840
4841
4842
4847
4849
4850
4851
4854
4856
4857
4858
4860
4861
4862
4863
4864
4865
4866
4870
4873
4874
4875
4877
4880
4881
4882
4883
4884
4885
4886
4887
4888
4889
4891
4892
4893
4894
4895
4896
4897
4899
4900
4901
4903
4905
4909
4911
4912
4913
4914
4915
4917
4918
4920
4921
4922
4923
4924
4926
4927
4928
4929
4930
4931
4932
4933
4934
4935
4936
4938
4939
4942
4943
4947
4948
4950
4952
4953
4955
4956
4958
4959
4961
4962
4963
4964
4966
4967
4968
4969
4970
4973
4977
4978
4979
4982
4983
4988
4990
4991
4992
4993
4996
4997
4999
5000
5002
5003
5005
5009
5010
5011
5013
5014
5016
5017
5018
5019
5021
5022
5023
5025
5026
5027
5028
5029
5030
5031
5032
5036
5037
5038
5039
5040
5041
5044
5046
5047
5048
5050
5051
5052
5054
5055
5056
5058
5063
5065
5067
5068
5069
5070
5071
5072
5074
5081
5082
5086
5087
5088
5089
5090
5091
5092
5096
5097
5098
5101
5103
5105
5106
5108
5109
5110
5111
5114
5121
5123
5128
5129
5130
5132
5133
5135
5136
5137
5138
5139
5140
5141
5142
5144
5145
5146
5147
5149
5150
5151
5153
5156
5157
5159
5160
5161
5168
5169
5170
5172
5175
5177
5178
5179
5181
5182
5183
5185
5187
5188
5189
5191
5192
5196
5197
5199
5200
5202
5203
5204
5205
5206
5208
5209
5210
5211
5214
5215
5216
5217
5218
5219
5220
5221
5222
5224
5226
5227
5229
5230
5231
5232
5233
5235
5236
5237
5239
5240
5242
5244
5246
5249
5250
5251
5252
5253
5254
5255
5257
5258
5260
5261
5262
5263
5264
5268
5270
5271
5272
5275
5276
5277
5278
5280
5282
5287
5288
5289
5290
5291
5292
5293
5297
5298
5301
5302
5303
5304
5305
5306
5307
5310
5311
5313
5317
5320
5323
5325
5326
5327
5329
5330
5331
5333
5334
5335
5336
5337
5338
5340
5341
5342
5343
5344
5345
5346
5347
5349
5354
5356
5357
5359
5360
5361
5362
5365
5367
5368
5369
5372
5374
5375
5380
5381
5382
5384
5385
5386
5388
5391
5393
5394
5395
5396
5397
5398
5399
5400
5401
5402
5403
5408
5409
5410
5413
5414
5416
5418
5419
5421
5426
5427
5428
5431
5432
5433
5435
5438
5439
5440
5441
5442
5443
5444
5447
5449
5450
5454
5455
5456
5457
5458
5459
5462
5463
5466
5467
5468
5471
5475
5477
5480
5483
5486
5487
5488
5490
5491
5492
5494
5495
5496
5497
5498
5499
5500
5501
5502
5503
5504
5505
5506
5509
5510
5511
5513
5515
5516
5517
5518
5519
5523
5524
5525
5526
5528
5529
5530
5533
5534
5536
5542
5543
5544
5545
5546
5548
5549
5550
5551
5552
5553
5556
5557
5558
5559
5561
5563
5564
5565
5567
5568
5569
5570
5572
5573
5574
5575
5577
5578
5580
5583
5584
5585
5588
5589
5592
5593
5594
5595
5596
5597
5598
5599
5601
5602
5603
5606
5607
5610
5611
5613
5615
5617
5619
5621
5624
5625
5628
5629
5630
5634
5637
5638
5639
5641
5642
5643
5645
5646
5647
5648
5649
5651
5654
5655
5656
5660
5663
5664
5665
5666
5667
5670
5671
5672
5673
5674
5675
5676
5677
5679
5682
5684
5685
5687
5688
5690
5691
5692
5693
5695
5696
5697
5698
5699
5700
5705
5708
5709
5710
5711
5712
5713
5716
5718
5721
5723
5724
5725
5727
5728
5729
5730
5731
5733
5734
5735
5737
5738
5739
5743
5745
5748
5751
5753
5755
5756
5759
5760
5761
5764
5765
5766
5767
5768
5769
5771
5774
5777
5778
5779
5781
5785
5786
5787
5788
5789
5791
5792
5793
5796
5797
5798
5799
5800
5802
5804
5805
5806
5807
5811
5813
5815
5816
5817
5820
5823
5824
5825
5827
5828
5829
5830
5831
5833
5834
5836
5840
5841
5845
5847
5848
5850
5851
5852
5853
5854
5855
5856
5858
5859
5861
5864
5866
5868
5870
5871
5872
5873
5874
5878
5879
5882
5883
5884
5885
5887
5888
5889
5894
5895
5896
5898
5899
5900
5901
5902
5904
5905
5906
5907
5909
5910
5911
5912
5914
5915
5916
5917
5919
5920
5921
5922
5924
5926
5927
5928
5929
5930
5932
5935
5937
5940
5942
5943
5944
5946
5947
5948
5950
5951
5952
5953
5954
5956
5958
5960
5961
5962
5963
5964
5965
5966
5967
5968
5972
5974
5976
5977
5978
5979
5981
5982
5984
5985
5986
5987
5988
5989
5990
5992
5993
5994
5995
5996
6000
6001
6002
6003
6004
6006
6007
6008
6009
6011
6012
6013
6014
6015
6016
6017
6018
6019
6021
6022
6024
6027
6028
6029
6030
6032
6035
6036
6037
6039
6041
6044
6045
6047
6049
6052
6053
6055
6056
6057
6058
6059
6064
6065
6066
6068
6069
6070
6071
6073
6074
6076
6079
6083
6084
6085
6086
6087
6089
6091
6093
6094
6097
6098
6102
6104
6105
6106
6107
6108
6110
6112
6113
6114
6116
6117
6118
6120
6122
6124
6125
6127
6128
6130
6131
6133
6134
6136
6137
6138
6139
6142
6143
6144
6147
6148
6150
6151
6154
6156
6157
6158
6159
6160
6161
6163
6164
6165
6166
6167
6168
6172
6173
6175
6176
6177
6178
6179
6180
6183
6186
6187
6188
6189
6190
6191
6192
6193
6195
6197
6201
6203
6206
6208
6210
6211
6212
6213
6214
6215
6216
6217
6218
6219
6220
6221
6222
6224
6225
6226
6227
6228
6230
6231
6233
6234
6235
6236
6237
6238
6240
6241
6242
6243
6245
6248
6249
6250
6251
6253
6255
6257
6258
6259
6260
6261
6263
6264
6266
6267
6268
6270
6271
6272
6273
6275
6276
6277
6278
6280
6281
6282
6283
6284
6288
6289
6292
6293
6295
6301
6302
6303
6306
6308
6309
6310
6311
6312
6313
6314
6315
6316
6317
6318
6319
6321
6322
6323
6324
6325
6326
6327
6328
6329
6330
6332
6333
6337
6338
6340
6342
6343
6344
6345
6346
6347
6350
6351
6352
6355
6356
6358
6360
6362
6363
6364
6365
6366
6368
6371
6374
6375
6376
6377
6378
6379
6380
6383
6385
6387
6388
6389
6393
6397
6398
6399
6400
6403
6404
6405
6407
6408
6409
6411
6412
6415
6416
6417
6420
6422
6423
6425
6426
6427
6429
6431
6432
6433
6434
6435
6438
6439
6441
6442
6448
6450
6452
6453
6454
6456
6458
6462
6463
6464
6465
6466
6467
6469
6470
6472
6473
6475
6476
6478
6481
6482
6486
6487
6488
6491
6492
6494
6495
6496
6497
6498
6499
6500
6501
6504
6505
6506
6507
6509
6510
6511
6514
6515
6517
6518
6519
6521
6524
6525
6526
6527
6528
6529
6530
6531
6533
6534
6535
6538
6540
6542
6543
6544
6548
6549
6550
6554
6555
6556
6557
6562
6563
6564
6565
6566
6568
6569
6571
6572
6573
6574
6575
6578
6579
6580
6584
6585
6587
6589
6592
6593
6596
6598
6601
6603
6606
6609
6610
6612
6613
6614
6615
6616
6618
6619
6620
6622
6627
6630
6633
6634
6636
6638
6639
6640
6641
6642
6643
6645
6646
6648
6649
6650
6651
6653
6655
6656
6657
6658
6661
6662
6664
6667
6668
6671
6672
6673
6674
6675
6676
6679
6680
6681
6682
6686
6688
6690
6692
6693
6695
6696
6698
6700
6701
6702
6704
6705
6706
6707
6708
6711
6713
6715
6716
6718
6720
6722
6724
6726
6727
6728
6729
6731
6732
6736
6739
6741
6742
6743
6744
6746
6747
6748
6749
6751
6753
6755
6756
6759
6760
6763
6764
6766
6767
6768
6769
6770
6772
6773
6774
6775
6776
6777
6779
6780
6781
6782
6783
6784
6785
6786
6787
6789
6791
6793
6795
6796
6797
6798
6800
6801
6802
6804
6806
6807
6808
6809
6810
6814
6815
6819
6820
6821
6822
6823
6824
6825
6826
6827
6830
6831
6833
6835
6838
6839
6840
6841
6842
6843
6844
6845
6846
6847
6848
6849
6850
6851
6852
6853
6856
6857
6859
6860
6861
6862
6864
6866
6867
6870
6871
6872
6875
6878
6879
6881
6882
6886
6888
6890
6893
6895
6897
6900
6901
6902
6903
6904
6905
6906
6907
6908
6909
6912
6913
6915
6916
6918
6920
6921
6925
6927
6928
6929
6931
6932
6936
6937
6938
6939
6941
6945
6948
6949
6950
6951
6952
6953
6954
6957
6959
6960
6963
6964
6966
6970
6971
6974
6977
6979
6980
6981
6982
6983
6986
6987
6988
6992
6995
6996
6997
6998
6999
7000
7002
7003
7004
7005
7006
7008
7010
7013
7014
7017
7019
7022
7025
7026
7027
7028
7029
7030
7031
7032
7035
7036
7037
7038
7039
7040
7041
7042
7043
7044
7045
7046
7047
7048
7049
7051
7052
7053
7060
7061
7064
7065
7066
7069
7071
7072
7074
7075
7077
7078
7079
7080
7081
7083
7084
7085
7088
7091
7092
7094
7096
7099
7104
7106
7109
7111
7113
7114
7116
7117
7118
7119
7120
7122
7123
7125
7126
7129
7130
7131
7132
7133
7134
7136
7137
7138
7140
7141
7142
7143
7144
7147
7149
7152
7153
7154
7155
7158
7159
7160
7161
7163
7165
7166
7167
7168
7169
7170
7172
7174
7175
7176
7177
7179
7180
7181
7182
7183
7186
7189
7190
7191
7197
7198
7201
7205
7206
7207
7208
7209
7212
7214
7215
7217
7218
7219
7221
7223
7225
7226
7227
7229
7230
7231
7233
7236
7238
7242
7243
7245
7247
7248
7252
7253
7254
7256
7257
7258
7259
7261
7262
7263
7264
7266
7269
7270
7272
7273
7275
7276
7277
7281
7283
7286
7287
7289
7292
7293
7295
7296
7297
7298
7300
7302
7303
7305
7306
7307
7309
7310
7312
7313
7314
7316
7319
7322
7324
7325
7328
7329
7330
7331
7333
7335
7338
7340
7341
7342
7343
7344
7345
7346
7347
7348
7349
7351
7353
7354
7355
7356
7357
7358
7360
7361
7365
7366
7367
7368
7369
7370
7371
7374
7375
7379
7381
7382
7384
7385
7387
7388
7390
7391
7392
7393
7394
7395
7397
7399
7400
7405
7406
7407
7408
7409
7410
7411
7412
7414
7415
7417
7418
7419
7421
7422
7423
7425
7427
7429
7430
7431
7432
7434
7437
7440
7441
7442
7443
7446
7449
7451
7452
7453
7455
7456
7457
7458
7459
7460
7461
7462
7463
7466
7467
7468
7469
7473
7474
7475
7476
7477
7478
7479
7480
7481
7483
7485
7486
7487
7489
7490
7491
7492
7493
7497
7498
7499
7501
7503
7506
7507
7509
7510
7511
7513
7515
7517
7521
7522
7524
7525
7528
7529
7530
7531
7532
7533
7535
7536
7537
7540
7541
7543
7545
7547
7548
7551
7552
7555
7557
7559
7560
7564
7567
7569
7571
7572
7573
7575
7576
7577
7578
7581
7582
7584
7585
7586
7587
7591
7592
7593
7594
7595
7597
7599
7600
7601
7607
7609
7610
7613
7614
7615
7616
7617
7619
7620
7621
7622
7623
7624
7627
7630
7631
7632
7633
7634
7635
7638
7639
7640
7641
7643
7644
7645
7646
7649
7650
7652
7656
7659
7661
7662
7663
7664
7667
7668
7669
7670
7671
7673
7675
7677
7678
7682
7685
7686
7687
7693
7694
7695
7696
7699
7700
7701
7702
7703
7705
7706
7707
7709
7710
7711
7713
7715
7716
7717
7718
7720
7723
7724
7725
7726
7729
7730
7731
7732
7733
7734
7735
7739
7741
7743
7744
7745
7746
7747
7749
7753
7754
7755
7756
7757
7758
7760
7761
7768
7769
7771
7772
7774
7777
7778
7780
7781
7783
7784
7786
7790
7791
7792
7793
7794
7795
7796
7799
7801
7803
7804
7805
7808
7809
7811
7812
7813
7814
7815
7816
7817
7819
7820
7822
7823
7825
7827
7828
7830
7831
7832
7835
7836
7837
7838
7839
7840
7841
7842
7845
7847
7848
7850
7851
7854
7857
7858
7860
7862
7863
7867
7869
7870
7871
7873
7874
7875
7879
7880
7881
7883
7885
7887
7888
7889
7891
7893
7895
7896
7897
7898
7900
7901
7903
7905
7906
7908
7909
7910
7911
7913
7915
7916
7918
7921
7924
7925
7926
7927
7928
7930
7933
7934
7936
7937
7940
7941
7942
7946
7947
7948
7949
7950
7951
7953
7954
7955
7957
7959
7960
7962
7963
7964
7965
7966
7967
7968
7969
7970
7971
7972
7973
7975
7976
7977
7979
7980
7984
7985
7988
7991
7992
7993
7994
7995
7996
7997
7998
7999
8000
8003
8004
8005
8007
8010
8011
8012
8013
8014
8016
8018
8019
8021
8022
8023
8025
8029
8031
8033
8034
8035
8037
8040
8041
8043
8044
8045
8046
8047
8048
8050
8051
8052
8056
8057
8058
8061
8062
8063
8064
8065
8068
8069
8071
8072
8073
8074
8075
8076
8077
8078
8079
8080
8082
8083
8086
8089
8090
8092
8094
8097
8098
8101
8102
8103
8104
8106
8107
8109
8111
8112
8116
8117
8118
8119
8121
8125
8128
8133
8138
8140
8141
8142
8143
8144
8145
8146
8147
8148
8151
8152
8154
8155
8157
8158
8159
8160
8161
8162
8163
8165
8168
8169
8170
8172
8173
8174
8175
8181
8183
8187
8190
8191
8193
8194
8196
8197
8201
8202
8203
8204
8205
8208
8211
8212
8214
8215
8216
8217
8218
8221
8222
8224
8227
8228
8234
8235
8238
8240
8243
8244
8245
8247
8248
8249
8251
8252
8253
8254
8255
8256
8257
8260
8262
8264
8265
8266
8268
8269
8270
8272
8275
8276
8277
8278
8279
8280
8286
8289
8290
8291
8292
8293
8295
8297
8298
8300
8301
8303
8304
8305
8306
8308
8309
8313
8315
8317
8318
8319
8320
8321
8322
8323
8325
8328
8329
8330
8334
8335
8337
8339
8341
8342
8344
8345
8349
8350
8351
8352
8354
8358
8359
8360
8362
8363
8364
8366
8370
8371
8372
8374
8376
8377
8381
8382
8383
8387
8389
8391
8392
8393
8394
8395
8396
8397
8398
8399
8400
8403
8404
8406
8407
8408
8409
8412
8413
8414
8415
8416
8417
8418
8420
8421
8422
8423
8424
8427
8428
8429
8430
8431
8434
8435
8437
8438
8439
8440
8441
8442
8443
8444
8445
8447
8448
8450
8452
8454
8455
8456
8457
8458
8459
8461
8462
8464
8466
8468
8469
8470
8471
8472
8473
8474
8475
8476
8478
8484
8485
8487
8488
8489
8490
8491
8494
8497
8499
8500
8502
8503
8504
8505
8506
8508
8509
8510
8511
8512
8514
8515
8516
8518
8519
8521
8523
8525
8527
8529
8530
8532
8535
8537
8538
8539
8541
8542
8543
8544
8547
8548
8549
8550
8551
8552
8553
8554
8555
8556
8557
8559
8560
8561
8565
8567
8569
8570
8571
8572
8574
8576
8579
8580
8581
8583
8584
8585
8587
8589
8590
8591
8592
8593
8594
8598
8599
8600
8601
8602
8603
8604
8606
8608
8609
8612
8614
8616
8617
8618
8619
8621
8622
8623
8624
8626
8627
8629
8633
8635
8636
8638
8640
8642
8643
8647
8648
8649
8651
8652
8654
8655
8656
8657
8660
8661
8662
8663
8665
8666
8668
8669
8670
8671
8673
8675
8677
8678
8679
8680
8681
8683
8684
8685
8686
8687
8690
8691
8694
8697
8699
8700
8703
8704
8705
8707
8708
8711
8712
8713
8714
8715
8716
8717
8722
8723
8727
8728
8729
8730
8733
8735
8737
8738
8739
8742
8744
8746
8747
8748
8750
8751
8752
8753
8754
8755
8756
8759
8761
8762
8763
8764
8765
8766
8767
8769
8772
8773
8774
8775
8776
8777
8778
8779
8780
8781
8783
8785
8786
8788
8789
8790
8791
8792
8793
8794
8796
8797
8798
8799
8801
8802
8803
8806
8810
8813
8814
8817
8818
8819
8820
8821
8822
8823
8825
8827
8828
8829
8830
8831
8835
8837
8838
8839
8843
8844
8845
8846
8847
8850
8851
8853
8855
8857
8860
8865
8866
8867
8869
8875
8877
8878
8879
8881
8883
8885
8886
8887
8888
8890
8893
8894
8895
8898
8899
8900
8901
8902
8904
8907
8908
8910
8912
8913
8917
8919
8920
8922
8924
8928
8929
8930
8931
8932
8933
8937
8939
8940
8942
8943
8944
8945
8946
8949
8950
8953
8954
8956
8957
8958
8960
8961
8962
8966
8967
8968
8969
8970
8971
8973
8974
8975
8976
8977
8981
8982
8984
8985
8989
8990
8992
8994
8996
8997
8998
8999
9001
9003
9004
9005
9006
9008
9009
9010
9011
9012
9014
9016
9017
9019
9020
9024
9025
9028
9030
9033
9034
9038
9039
9040
9043
9046
9048
9050
9051
9055
9058
9059
9060
9061
9063
9064
9065
9066
9068
9071
9072
9073
9075
9076
9078
9080
9081
9084
9085
9086
9089
9090
9091
9094
9096
9098
9100
9101
9102
9103
9105
9106
9107
9108
9109
9110
9111
9113
9115
9116
9117
9118
9119
9120
9121
9124
9125
9127
9128
9130
9132
9134
9135
9136
9139
9140
9142
9144
9145
9146
9149
9150
9152
9156
9157
9158
9159
9161
9162
9163
9165
9170
9171
9173
9174
9177
9178
9179
9180
9183
9184
9185
9186
9187
9190
9191
9192
9193
9194
9195
9198
9202
9203
9206
9207
9209
9210
9212
9213
9215
9216
9217
9218
9221
9224
9226
9227
9228
9232
9233
9234
9235
9236
9237
9238
9239
9240
9242
9243
9244
9245
9246
9247
9249
9250
9252
9253
9254
9256
9257
9258
9259
9260
9262
9263
9264
9265
9266
9267
9268
9269
9270
9271
9274
9275
9276
9277
9281
9284
9285
9286
9287
9289
9290
9291
9292
9293
9296
9297
9298
9299
9302
9304
9307
9309
9311
9314
9317
9318
9319
9320
9323
9327
9328
9329
9330
9331
9332
9333
9334
9335
9337
9338
9340
9341
9342
9343
9347
9349
9351
9352
9356
9358
9359
9360
9361
9362
9364
9366
9367
9368
9369
9371
9372
9373
9374
9375
9376
9381
9383
9384
9387
9389
9390
9392
9393
9396
9399
9400
9405
9406
9407
9410
9411
9412
9414
9415
9417
9419
9420
9421
9423
9424
9425
9426
9427
9430
9431
9433
9434
9435
9436
9437
9439
9441
9442
9443
9444
9446
9449
9450
9451
9454
9455
9456
9458
9459
9460
9461
9463
9464
9465
9467
9468
9471
9472
9473
9474
9475
9476
9478
9479
9480
9481
9482
9485
9486
9487
9488
9489
9490
9491
9492
9493
9494
9495
9496
9500
9502
9503
9505
9506
9507
9508
9509
9511
9512
9513
9514
9515
9516
9517
9518
9519
9520
9522
9523
9524
9525
9530
9531
9532
9533
9534
9535
9536
9537
9538
9540
9541
9542
9543
9546
9548
9549
9551
9552
9554
9555
9556
9558
9559
9561
9563
9564
9565
9567
9568
9569
9570
9572
9573
9574
9575
9577
9581
9583
9584
9585
9586
9587
9588
9589
9593
9595
9597
9599
9601
9603
9604
9605
9606
9607
9608
9609
9610
9612
9613
9614
9615
9616
9617
9619
9622
9623
9625
9627
9628
9629
9631
9633
9634
9637
9638
9639
9641
9642
9644
9648
9649
9650
9651
9653
9654
9655
9657
9658
9661
9663
9664
9665
9666
9667
9669
9670
9672
9673
9674
9675
9676
9678
9679
9682
9683
9685
9686
9687
9690
9691
9692
9693
9694
9697
9698
9699
9703
9704
9706
9707
9708
9709
9711
9712
9713
9714
9716
9719
9720
9721
9722
9723
9724
9725
9728
9729
9731
9733
9734
9735
9736
9737
9738
9740
9741
9742
9743
9745
9746
9748
9749
9751
9752
9753
9754
9757
9759
9760
9761
9762
9763
9764
9765
9766
9768
9769
9772
9773
9777
9782
9783
9784
9785
9786
9787
9788
9790
9791
9792
9794
9795
9796
9797
9799
9800
9801
9802
9803
9804
9805
9808
9809
9810
9811
9815
9816
9817
9818
9819
9822
9823
9824
9825
9826
9827
9828
9829
9830
9833
9836
9838
9839
9840
9842
9843
9844
9845
9846
9847
9850
9851
9852
9853
9854
9855
9857
9858
9859
9860
9861
9862
9864
9865
9866
9868
9869
9870
9871
9873
9874
9875
9876
9878
9879
9880
9884
9886
9887
9888
9889
9890
9891
9892
9895
9898
9901
9902
9903
9906
9907
9908
9910
9912
9913
9914
9917
9919
9921
9922
9923
9924
9925
9926
9930
9931
9933
9934
9935
9937
9939
9942
9943
9944
9946
9947
9948
9949
9951
9954
9955
9956
9958
9959
9960
9961
9962
9963
9964
9965
9966
9967
9969
9970
9972
9974
9975
9976
9977
9981
9983
9984
9985
9986
9989
9990
9993
9996
10006
10007
10008
10009
10012
10013
10016
10017
10021
10024
10025
10026
10028
10031
10032
10033
10040
10041
10043
10044
10046
10047
10049
10050
10052
10053
10054
10056
10058
10059
10060
10061
10065
10066
10067
10069
10071
10072
10075
10078
10082
10083
10085
10086
10087
10088
10089
10091
10094
10095
10097
10098
10099
10101
10102
10103
10104
10105
10106
10108
10109
10112
10113
10114
10116
10117
10118
10119
10121
10122
10123
10126
10127
10128
10129
10132
10133
10134
10135
10138
10141
10143
10146
10147
10148
10150
10151
10152
10154
10155
10158
10160
10162
10163
10165
10166
10169
10172
10173
10177
10178
10179
10180
10182
10183
10184
10186
10188
10189
10191
10193
10194
10198
10201
10202
10203
10206
10207
10208
10210
10211
10212
10213
10215
10216
10220
10224
10225
10227
10228
10229
10230
10232
10233
10234
10237
10239
10240
10241
10242
10244
10245
10246
10247
10251
10252
10253
10254
10256
10261
10262
10263
10264
10265
10266
10267
10268
10270
10272
10275
10276
10278
10279
10280
10284
10286
10287
10288
10289
10290
10292
10293
10294
10297
10299
10300
10301
10303
10304
10305
10306
10307
10308
10309
10310
10311
10312
10313
10317
10320
10321
10322
10324
10326
10327
10328
10330
10332
10334
10335
10336
10339
10340
10343
10344
10345
10346
10347
10348
10350
10351
10356
10357
10362
10363
10364
10366
10367
10368
10369
10371
10373
10374
10375
10377
10378
10379
10382
10383
10384
10385
10386
10390
10392
10393
10394
10396
10397
10398
10399
10400
10401
10402
10403
10404
10405
10406
10407
10408
10409
10410
10411
10413
10414
10416
10418
10421
10424
10425
10426
10428
10429
10431
10432
10434
10435
10437
10438
10439
10440
10441
10442
10443
10444
10445
10446
10447
10449
10453
10454
10456
10458
10459
10461
10462
10465
10466
10467
10469
10470
10471
10472
10475
10476
10477
10480
10481
10483
10485
10486
10488
10489
10495
10499
10501
10502
10503
10506
10507
10508
10511
10512
10514
10516
10517
10519
10520
10522
10523
10525
10526
10527
10529
10530
10531
10532
10533
10534
10535
10536
10539
10541
10543
10544
10545
10546
10547
10548
10549
10550
10553
10555
10557
10560
10561
10562
10565
10569
10570
10571
10573
10577
10581
10583
10584
10586
10587
10590
10591
10592
10595
10596
10599
10603
10604
10605
10606
10607
10608
10609
10611
10612
10614
10615
10616
10617
10619
10620
10621
10623
10627
10628
10629
10630
10631
10632
10633
10636
10638
10641
10642
10643
10645
10646
10647
10648
10652
10653
10657
10660
10663
10664
10666
10667
10669
10673
10674
10675
10679
10680
10681
10683
10684
10686
10688
10689
10692
10693
10694
10695
10696
10697
10698
10699
10701
10702
10704
10708
10709
10710
10712
10713
10714
10715
10717
10723
10724
10725
10727
10728
10730
10732
10734
10735
10736
10738
10740
10741
10742
10743
10744
10745
10746
10747
10749
10750
10751
10752
10754
10756
10757
10758
10760
10764
10765
10766
10767
10768
10769
10770
10771
10772
10773
10775
10777
10779
10780
10782
10783
10785
10786
10787
10789
10790
10792
10793
10795
10796
10798
10799
10800
10801
10802
10803
10807
10809
10810
10811
10812
10814
10815
10816
10817
10818
10819
10820
10821
10822
10823
10824
10825
10826
10827
10828
10829
10831
10835
10837
10838
10840
10841
10842
10843
10845
10848
10849
10853
10855
10859
10861
10863
10865
10866
10868
10869
10870
10871
10872
10875
10876
10878
10879
10881
10883
10884
10887
10888
10889
10890
10891
10892
10896
10897
10901
10904
10906
10907
10909
10911
10914
10915
10918
10919
10921
10922
10923
10924
10925
10926
10928
10930
10931
10933
10934
10936
10937
10938
10939
10940
10942
10946
10950
10951
10953
10954
10955
10957
10958
10959
10961
10962
10963
10964
10965
10967
10968
10970
10973
10975
10976
10977
10980
10981
10984
10985
10986
10988
10991
10993
10994
10995
10996
10997
11001
11002
11004
11005
11006
11009
11010
11012
11013
11014
11015
11016
11018
11023
11025
11026
11027
11029
11031
11032
11033
11035
11036
11038
11039
11040
11043
11044
11045
11046
11048
11049
11050
11052
11053
11054
11056
11058
11060
11061
11062
11064
11065
11066
11067
11068
11069
11072
11073
11075
11077
11081
11082
11083
11084
11085
11086
11088
11089
11090
11093
11094
11096
11097
11098
11099
11100
11101
11102
11103
11104
11105
11107
11108
11109
11110
11111
11112
11114
11117
11120
11123
11125
11126
11127
11128
11130
11131
11133
11134
11138
11139
11140
11141
11143
11145
11146
11147
11149
11151
11152
11155
11156
11158
11160
11161
11163
11164
11167
11169
11170
11173
11175
11176
11177
11178
11179
11182
11183
11184
11185
11187
11188
11190
11191
11193
11195
11196
11197
11199
11200
11201
11203
11205
11207
11208
11210
11211
11212
11213
11214
11215
11217
11218
11219
11222
11223
11224
11226
11229
11230
11233
11235
11237
11239
11240
11241
11243
11246
11248
11249
11251
11252
11253
11254
11255
11256
11257
11258
11259
11260
11261
11262
11263
11264
11267
11268
11269
11271
11272
11273
11275
11277
11280
11281
11282
11283
11284
11285
11288
11289
11290
11292
11293
11297
11298
11300
11301
11302
11304
11305
11308
11309
11313
11314
11316
11317
11319
11320
11321
11322
11323
11324
11325
11326
11327
11328
11331
11334
11336
11337
11339
11340
11342
11343
11344
11346
11347
11348
11350
11351
11354
11355
11358
11359
11360
11361
11362
11363
11364
11365
11366
11367
11369
11371
11372
11373
11375
11376
11377
11378
11379
11380
11381
11382
11383
11384
11385
11387
11388
11389
11390
11392
11395
11396
11397
11398
11399
11402
11403
11405
11406
11409
11410
11412
11414
11415
11417
11418
11419
11420
11421
11422
11423
11426
11427
11428
11429
11430
11431
11432
11433
11434
11435
11436
11437
11438
11439
11440
11441
11442
11443
11445
11449
11450
11451
11452
11453
11454
11456
11457
11458
11460
11461
11462
11467
11468
11470
11471
11472
11473
11474
11475
11476
11478
11479
11482
11483
11484
11487
11488
11489
11490
11491
11492
11493
11498
11499
11500
11501
11502
11503
11504
11505
11506
11508
11511
11512
11513
11514
11515
11516
11519
11520
11521
11522
11525
11527
11529
11530
11535
11536
11538
11539
11540
11541
11543
11545
11546
11547
11548
11549
11551
11552
11554
11555
11558
11561
11562
11564
11565
11566
11567
11568
11569
11570
11576
11578
11580
11583
11584
11586
11587
11588
11594
11595
11597
11600
11601
11603
11604
11606
11607
11608
11609
11611
11613
11614
11616
11618
11619
11620
11622
11623
11624
11625
11626
11627
11630
11631
11633
11634
11635
11636
11638
11639
11644
11645
11646
11647
11648
11650
11651
11652
11653
11654
11655
11656
11657
11659
11660
11661
11662
11663
11664
11665
11666
11670
11671
11672
11674
11676
11679
11680
11681
11683
11685
11686
11687
11689
11691
11692
11693
11694
11696
11697
11698
11699
11700
11703
11704
11705
11706
11711
11712
11713
11714
11715
11716
11717
11719
11722
11723
11726
11727
11728
11729
11731
11732
11733
11734
11735
11737
11739
11741
11742
11743
11745
11746
11748
11749
11751
11752
11753
11754
11755
11756
11758
11759
11760
11761
11763
11764
11765
11766
11767
11768
11770
11772
11773
11774
11778
11779
11780
11781
11782
11783
11785
11786
11787
11789
11790
11791
11792
11793
11795
11796
11798
11799
11800
11803
11805
11807
11809
11810
11811
11812
11815
11817
11818
11819
11821
11824
11825
11826
11829
11830
11831
11832
11834
11836
11839
11841
11842
11843
11844
11845
11846
11847
11850
11851
11853
11855
11856
11857
11858
11859
11862
11863
11864
11866
11867
11869
11870
11871
11872
11873
11874
11875
11878
11880
11881
11882
11883
11884
11885
11886
11887
11888
11890
11893
11895
11896
11897
11898
11899
11900
11901
11902
11903
11906
11907
11911
11912
11913
11915
11917
11920
11921
11923
11925
11926
11927
11929
11930
11932
11933
11934
11935
11936
11937
11938
11941
11943
11944
11945
11946
11947
11949
11950
11951
11952
11953
11954
11955
11956
11957
11958
11959
11960
11962
11963
11965
11966
11967
11968
11969
11970
11971
11975
11976
11980
11981
11982
11983
11984
11989
11990
11991
11992
11993
11999
12000
12001
12004
12006
12007
12008
12011
12012
12013
12014
12015
12016
12018
12019
12020
12021
12022
12023
12025
12026
12027
12031
12032
12034
12035
12036
12037
12038
12039
12040
12043
12044
12045
12046
12047
12052
12053
12054
12057
12058
12059
12062
12063
12064
12066
12067
12069
12070
12073
12074
12075
12076
12077
12078
12079
12080
12081
12082
12088
12090
12091
12092
12093
12094
12096
12102
12104
12106
12107
12109
12110
12111
12112
12113
12115
12116
12117
12120
12121
12122
12125
12126
12128
12129
12131
12133
12134
12135
12136
12137
12139
12141
12142
12143
12145
12146
12148
12149
12150
12151
12152
12156
12158
12161
12163
12164
12166
12167
12169
12170
12171
12172
12173
12174
12175
12176
12177
12178
12179
12180
12182
12183
12184
12186
12188
12189
12190
12191
12196
12197
12201
12204
12205
12207
12208
12209
12211
12212
12213
12214
12215
12216
12217
12219
12220
12221
12222
12223
12224
12225
12226
12227
12228
12229
12230
12231
12233
12235
12238
12240
12242
12244
12245
12246
12247
12250
12254
12256
12259
12260
12262
12263
12265
12266
12267
12268
12270
12271
12273
12274
12276
12279
12280
12282
12283
12284
12286
12288
12289
12290
12291
12293
12294
12297
12299
12300
12304
12305
12306
12307
12309
12313
12314
12315
12317
12318
12319
12320
12322
12323
12324
12327
12328
12330
12331
12333
12335
12336
12339
12340
12341
12342
12344
12345
12346
12347
12348
12349
12350
12352
12356
12360
12362
12364
12366
12367
12369
12372
12373
12375
12377
12379
12380
12384
12385
12386
12388
12389
12391
12392
12393
12394
12396
12397
12402
12404
12406
12407
12409
12410
12411
12412
12414
12415
12416
12418
12419
12420
12421
12423
12427
12428
12430
12434
12436
12440
12441
12443
12445
12446
12447
12449
12450
12451
12452
12453
12454
12455
12458
12460
12461
12463
12465
12466
12467
12469
12472
12473
12474
12475
12476
12477
12479
12480
12481
12483
12485
12486
12491
12492
12493
12494
12495
12498
12500
12501
12502
12505
12506
12507
12508
12509
12510
12511
12513
12514
12516
12517
12520
12521
12522
12525
12527
12528
12529
12530
12531
12534
12538
12542
12543
12545
12546
12547
12549
12550
12552
12553
12555
12556
12557
12559
12560
12563
12564
12565
12568
12569
12571
12572
12573
12574
12575
12576
12578
12580
12582
12584
12585
12586
12587
12588
12589
12591
12592
12593
12594
12596
12597
12598
12599
12601
12602
12605
12606
12607
12609
12610
12611
12613
12615
12616
12618
12619
12620
12622
12624
12626
12627
12629
12630
12631
12632
12634
12635
12636
12638
12640
12641
12642
12643
12644
12646
12648
12649
12651
12654
12655
12656
12657
12658
12662
12663
12664
12667
12668
12670
12671
12673
12674
12675
12676
12678
12680
12681
12682
12683
12684
12685
12688
12692
12693
12694
12695
12697
12698
12701
12703
12705
12706
12707
12708
12709
12710
12712
12714
12715
12716
12717
12719
12720
12721
12722
12723
12724
12726
12727
12728
12729
12731
12732
12735
12736
12739
12742
12743
12744
12747
12749
12750
12751
12752
12754
12755
12758
12759
12760
12762
12764
12765
12766
12767
12768
12770
12772
12773
12777
12778
12779
12780
12782
12783
12786
12788
12789
12790
12791
12793
12794
12796
12797
12798
12800
12801
12802
12803
12804
12805
12808
12809
12810
12811
12812
12813
12814
12815
12817
12818
12819
12820
12822
12824
12825
12826
12827
12828
12830
12833
12834
12836
12838
12839
12840
12842
12843
12845
12846
12847
12848
12849
12850
12851
12852
12854
12855
12857
12859
12861
12862
12864
12865
12866
12867
12868
12869
12870
12871
12872
12873
12874
12875
12876
12877
12878
12880
12881
12882
12883
12885
12886
12890
12892
12893
12894
12895
12901
12902
12904
12905
12906
12910
12912
12914
12915
12916
12922
12923
12924
12926
12927
12928
12929
12930
12931
12932
12933
12934
12936
12937
12939
12940
12942
12943
12944
12945
12947
12948
12949
12950
12951
12952
12953
12955
12957
12958
12959
12961
12962
12963
12965
12966
12967
12968
12969
12970
12971
12974
12976
12978
12979
12980
12981
12983
12984
12985
12987
12992
12994
12997
13002
13004
13005
13010
13011
13012
13013
13014
13015
13017
13018
13019
13020
13021
13022
13023
13024
13025
13026
13027
13028
13029
13030
13031
13032
13035
13036
13037
13040
13043
13044
13045
13046
13047
13049
13050
13051
13052
13054
13055
13057
13058
13063
13065
13066
13067
13068
13069
13070
13074
13075
13076
13078
13080
13082
13083
13085
13086
13087
13088
13089
13091
13092
13096
13097
13103
13104
13105
13106
13107
13108
13110
13111
13112
13113
13114
13116
13118
13119
13120
13121
13123
13124
13126
13131
13133
13134
13135
13140
13141
13142
13143
13144
13149
13150
13151
13153
13155
13157
13158
13159
13162
13169
13173
13174
13175
13176
13177
13178
13180
13184
13186
13187
13188
13189
13190
13192
13193
13194
13195
13196
13198
13199
13200
13201
13202
13203
13204
13205
13206
13207
13212
13214
13215
13217
13218
13220
13221
13223
13226
13229
13232
13235
13239
13240
13241
13243
13244
13247
13248
13249
13250
13252
13253
13254
13255
13256
13257
13258
13259
13260
13261
13263
13267
13268
13269
13272
13273
13274
13275
13276
13277
13278
13282
13283
13284
13285
13286
13287
13289
13290
13292
13294
13295
13296
13297
13300
13301
13303
13305
13306
13307
13308
13309
13310
13314
13315
13317
13318
13319
13321
13322
13323
13324
13325
13326
13327
13328
13329
13330
13331
13332
13333
13336
13337
13338
13341
13342
13343
13348
13350
13352
13353
13355
13356
13357
13358
13359
13361
13362
13364
13365
13367
13368
13369
13371
13373
13375
13376
13377
13378
13380
13381
13382
13384
13386
13387
13388
13392
13393
13394
13396
13399
13401
13402
13403
13405
13409
13411
13412
13414
13415
13416
13417
13419
13420
13422
13423
13424
13425
13427
13430
13431
13433
13434
13436
13438
13440
13441
13442
13443
13445
13446
13447
13448
13449
13451
13453
13454
13458
13459
13462
13464
13466
13467
13470
13471
13472
13473
13475
13477
13478
13479
13480
13481
13482
13483
13484
13485
13486
13488
13492
13494
13495
13498
13499
13500
13501
13504
13505
13506
13507
13508
13513
13515
13516
13517
13521
13522
13524
13526
13527
13528
13532
13534
13535
13536
13541
13542
13545
13547
13548
13549
13550
13551
13552
13554
13555
13556
13559
13561
13563
13565
13569
13570
13571
13572
13573
13574
13575
13576
13577
13578
13579
13580
13581
13582
13583
13584
13586
13589
13591
13592
13593
13595
13597
13598
13600
13601
13602
13603
13608
13609
13610
13612
13613
13614
13615
13616
13617
13618
13619
13620
13623
13624
13625
13629
13630
13632
13633
13634
13636
13637
13638
13639
13640
13642
13645
13646
13647
13651
13653
13654
13655
13656
13657
13658
13660
13662
13665
13668
13669
13670
13671
13674
13676
13679
13680
13681
13682
13683
13684
13686
13687
13688
13691
13692
13693
13694
13695
13697
13698
13699
13700
13701
13702
13703
13705
13708
13709
13712
13713
13716
13717
13718
13719
13724
13728
13729
13730
13731
13732
13733
13736
13737
13738
13739
13740
13742
13743
13745
13749
13750
13751
13752
13753
13755
13756
13757
13758
13759
13760
13761
13764
13767
13769
13774
13775
13780
13781
13782
13783
13786
13788
13790
13791
13792
13794
13795
13796
13797
13798
13799
13800
13801
13803
13805
13806
13807
13808
13811
13812
13813
13814
13815
13816
13817
13818
13819
13822
13823
13824
13825
13827
13828
13829
13830
13831
13832
13833
13835
13837
13838
13839
13840
13844
13846
13848
13849
13850
13851
13852
13853
13854
13855
13856
13857
13858
13861
13862
13863
13865
13866
13867
13869
13870
13871
13873
13874
13875
13876
13878
13879
13882
13883
13885
13887
13889
13890
13891
13892
13893
13894
13896
13897
13901
13902
13903
13907
13908
13911
13912
13913
13914
13917
13922
13923
13924
13926
13927
13930
13931
13932
13933
13934
13935
13936
13937
13939
13941
13942
13943
13944
13947
13948
13950
13951
13955
13956
13957
13959
13960
13962
13963
13964
13965
13968
13971
13975
13977
13978
13980
13983
13984
13986
13987
13989
13990
13991
13992
13993
13995
13997
13998
14002
14003
14005
14006
14007
14008
14011
14013
14014
14016
14017
14019
14021
14022
14023
14026
14027
14030
14031
14032
14033
14035
14036
14040
14041
14043
14044
14045
14048
14049
14052
14053
14054
14055
14056
14057
14059
14062
14063
14064
14066
14067
14068
14069
14072
14075
14076
14078
14079
14080
14082
14084
14085
14088
14093
14095
14096
14098
14099
14100
14101
14102
14103
14105
14106
14107
14108
14109
14110
14111
14112
14116
14117
14120
14121
14122
14123
14124
14126
14128
14130
14134
14136
14137
14138
14139
14140
14142
14143
14145
14146
14147
14148
14149
14150
14151
14152
14153
14154
14156
14157
14158
14159
14161
14162
14163
14164
14165
14168
14172
14173
14174
14175
14179
14181
14183
14186
14190
14192
14193
14194
14196
14197
14199
14200
14202
14206
14207
14208
14209
14212
14213
14214
14215
14217
14218
14220
14221
14223
14224
14226
14229
14230
14231
14232
14233
14234
14235
14236
14238
14239
14240
14244
14246
14247
14249
14250
14252
14253
14255
14256
14257
14259
14260
14263
14265
14267
14269
14270
14271
14272
14273
14275
14276
14277
14278
14280
14283
14285
14287
14290
14291
14294
14295
14297
14301
14302
14303
14306
14307
14309
14310
14311
14312
14313
14314
14316
14321
14322
14323
14324
14326
14327
14329
14330
14331
14332
14333
14334
14335
14336
14337
14342
14344
14345
14348
14350
14352
14355
14356
14358
14360
14363
14364
14370
14371
14373
14374
14376
14377
14378
14381
14382
14383
14386
14387
14388
14389
14390
14391
14393
14396
14399
14401
14402
14403
14404
14406
14407
14408
14411
14412
14413
14414
14417
14420
14421
14422
14424
14426
14427
14428
14429
14430
14432
14434
14435
14439
14440
14441
14443
14444
14445
14446
14447
14448
14450
14452
14454
14455
14456
14458
14459
14460
14461
14462
14465
14466
14467
14468
14469
14471
14472
14474
14475
14476
14478
14480
14482
14484
14486
14487
14488
14489
14490
14494
14500
14501
14505
14506
14508
14510
14511
14518
14519
14520
14522
14523
14524
14525
14527
14528
14530
14533
14535
14540
14541
14543
14544
14545
14546
14547
14548
14549
14550
14551
14552
14553
14556
14559
14562
14563
14564
14566
14568
14570
14571
14572
14573
14575
14576
14578
14579
14580
14581
14582
14583
14585
14586
14587
14588
14589
14594
14595
14597
14598
14601
14602
14603
14604
14606
14609
14610
14613
14615
14616
14620
14623
14624
14625
14629
14630
14631
14632
14633
14634
14635
14636
14637
14640
14641
14642
14643
14644
14645
14646
14647
14648
14649
14650
14652
14653
14654
14655
14658
14659
14660
14661
14662
14663
14664
14666
14668
14672
14673
14675
14676
14677
14678
14679
14681
14682
14683
14685
14686
14687
14688
14689
14690
14691
14692
14695
14697
14699
14700
14703
14705
14706
14707
14708
14710
14713
14714
14715
14718
14719
14720
14721
14722
14724
14725
14729
14732
14733
14734
14735
14736
14737
14738
14739
14743
14746
14747
14748
14749
14751
14752
14754
14755
14756
14757
14758
14762
14763
14764
14765
14766
14767
14768
14769
14770
14771
14773
14776
14780
14782
14783
14784
14786
14789
14790
14794
14795
14796
14798
14800
14801
14802
14803
14804
14809
14810
14812
14813
14815
14817
14818
14819
14820
14821
14823
14825
14827
14828
14829
14830
14832
14833
14834
14835
14836
14837
14838
14839
14841
14843
14844
14845
14847
14848
14849
14850
14851
14855
14856
14857
14862
14866
14867
14869
14873
14876
14877
14879
14880
14882
14884
14885
14886
14888
14890
14891
14892
14893
14894
14895
14897
14900
14901
14902
14905
14906
14908
14909
14912
14913
14914
14917
14918
14919
14920
14921
14926
14932
14934
14935
14938
14941
14942
14944
14945
14946
14947
14950
14951
14952
14953
14956
14957
14958
14959
14960
14961
14962
14963
14965
14966
14967
14968
14969
14970
14971
14972
14973
14974
14975
14977
14978
14979
14980
14981
14982
14983
14986
14987
14988
14989
14990
14992
14994
14995
14998
14999
15000
15001
15002
15003
15005
15006
15007
15011
15015
15016
15018
15019
15020
15021
15022
15023
15025
15026
15027
15033
15034
15035
15036
15037
15038
15039
15041
15042
15043
15044
15045
15046
15047
15050
15051
15053
15055
15056
15058
15062
15063
15064
15066
15068
15069
15071
15073
15074
15075
15076
15077
15079
15080
15081
15083
15084
15086
15088
15089
15091
15092
15094
15096
15097
15098
15100
15101
15102
15103
15104
15107
15109
15112
15113
15114
15115
15116
15118
15119
15120
15123
15124
15125
15126
15127
15128
15129
15130
15131
15132
15133
15134
15135
15137
15139
15140
15142
15143
15144
15146
15149
15150
15151
15153
15154
15155
15157
15161
15162
15163
15165
15166
15168
15170
15171
15172
15174
15176
15178
15180
15182
15183
15185
15187
15188
15189
15190
15192
15194
15197
15198
15199
15200
15202
15203
15204
15207
15208
15210
15211
15213
15214
15216
15217
15218
15220
15222
15223
15225
15227
15228
15230
15232
15233
15234
15235
15236
15237
15238
15240
15243
15245
15247
15248
15249
15250
15252
15253
15254
15255
15258
15260
15261
15262
15263
15264
15266
15267
15268
15269
15270
15271
15272
15273
15275
15276
15281
15282
15283
15285
15286
15288
15289
15290
15291
15294
15295
15296
15298
15299
15300
15301
15302
15304
15310
15312
15314
15316
15317
15318
15319
15320
15322
15324
15325
15326
15328
15331
15332
15333
15334
15335
15336
15337
15339
15340
15341
15343
15344
15345
15346
15347
15350
15352
15354
15355
15356
15357
15360
15362
15363
15366
15367
15368
15371
15372
15373
15378
15380
15383
15385
15389
15390
15391
15392
15394
15395
15396
15397
15399
15400
15403
15404
15405
15406
15407
15410
15412
15415
15416
15417
15418
15419
15423
15424
15425
15427
15428
15429
15430
15431
15432
15433
15434
15435
15436
15438
15440
15441
15442
15443
15444
15445
15447
15449
15450
15452
15454
15455
15456
15458
15459
15461
15462
15463
15464
15465
15466
15468
15469
15471
15472
15474
15476
15478
15480
15482
15484
15486
15487
15489
15494
15496
15498
15499
15500
15501
15502
15503
15504
15505
15507
15508
15510
15512
15513
15515
15516
15518
15519
15520
15521
15522
15525
15526
15527
15528
15529
15531
15532
15536
15537
15538
15539
15541
15542
15543
15544
15545
15546
15547
15548
15549
15550
15551
15552
15553
15554
15555
15556
15560
15561
15565
15567
15569
15571
15573
15574
15575
15576
15577
15578
15579
15580
15581
15582
15583
15585
15586
15587
15588
15589
15590
15593
15594
15595
15596
15598
15599
15600
15601
15603
15604
15605
15606
15610
15611
15612
15613
15616
15619
15620
15621
15624
15625
15626
15627
15628
15630
15631
15633
15634
15635
15637
15640
15641
15642
15643
15644
15646
15651
15652
15653
15655
15656
15659
15660
15662
15663
15664
15665
15666
15668
15669
15670
15671
15673
15674
15678
15679
15680
15682
15684
15686
15688
15689
15690
15692
15693
15696
15698
15700
15701
15703
15705
15706
15708
15710
15711
15712
15715
15717
15718
15719
15721
15723
15725
15729
15730
15733
15735
15736
15737
15738
15740
15744
15747
15748
15750
15751
15752
15753
15754
15755
15756
15757
15759
15760
15762
15763
15764
15765
15766
15767
15771
15772
15774
15775
15776
15777
15778
15779
15781
15785
15786
15787
15789
15790
15791
15792
15794
15796
15797
15798
15800
15801
15803
15805
15807
15808
15809
15810
15811
15812
15814
15815
15817
15818
15819
15820
15821
15822
15823
15824
15826
15827
15828
15833
15837
15838
15839
15840
15841
15842
15843
15844
15849
15850
15851
15852
15855
15856
15857
15858
15859
15862
15863
15867
15868
15869
15870
15873
15874
15876
15880
15882
15883
15884
15886
15887
15892
15893
15894
15895
15898
15899
15900
15901
15902
15903
15904
15906
15907
15908
15909
15910
15911
15913
15914
15915
15916
15917
15918
15919
15920
15924
15925
15926
15927
15928
15929
15930
15931
15933
15934
15936
15937
15939
15943
15944
15947
15948
15949
15950
15952
15953
15955
15956
15957
15958
15960
15961
15962
15963
15964
15967
15970
15971
15972
15973
15976
15977
15978
15979
15980
15981
15982
15983
15986
15988
15989
15990
15992
15993
15995
15996
15997
16002
16004
16005
16006
16007
16008
16010
16011
16012
16015
16017
16018
16019
16020
16022
16023
16025
16027
16028
16030
16031
16032
16035
16036
16038
16041
16042
16043
16047
16049
16051
16052
16053
16055
16058
16061
16062
16063
16064
16066
16067
16069
16074
16075
16077
16079
16082
16085
16086
16091
16092
16093
16095
16096
16097
16098
16100
16102
16103
16105
16108
16109
16110
16111
16114
16115
16117
16118
16120
16121
16122
16123
16124
16125
16127
16129
16131
16132
16133
16134
16135
16136
16139
16140
16141
16142
16143
16145
16147
16150
16151
16152
16153
16154
16157
16158
16160
16161
16164
16166
16168
16169
16170
16173
16174
16175
16176
16177
16178
16179
16180
16181
16182
16185
16186
16189
16190
16193
16194
16198
16199
16200
16201
16202
16203
16208
16210
16211
16213
16214
16215
16218
16219
16221
16223
16225
16226
16227
16228
16229
16230
16231
16233
16234
16235
16236
16237
16239
16241
16242
16243
16244
16245
16246
16247
16248
16249
16251
16252
16253
16255
16256
16258
16261
16262
16263
16264
16266
16267
16268
16270
16276
16278
16280
16283
16284
16285
16288
16289
16290
16291
16293
16294
16295
16296
16297
16298
16304
16305
16306
16309
16310
16313
16314
16316
16317
16319
16320
16322
16323
16324
16327
16328
16333
16334
16338
16339
16340
16341
16342
16343
16344
16345
16346
16348
16349
16352
16353
16354
16355
16356
16357
16360
16362
16363
16364
16366
16367
16368
16369
16370
16371
16372
16373
16374
16378
16379
16380
16381
16382
16383
16384
16385
16386
16388
16389
16390
16391
16392
16395
16396
16399
16401
16402
16403
16404
16406
16407
16408
16409
16410
16411
16413
16414
16415
16416
16417
16418
16420
16421
16422
16425
16427
16430
16431
16433
16434
16435
16436
16437
16438
16443
16444
16445
16446
16447
16449
16451
16452
16454
16456
16457
16458
16459
16461
16462
16464
16465
16467
16468
16469
16470
16471
16476
16478
16479
16481
16482
16483
16485
16486
16487
16488
16489
16490
16492
16494
16495
16496
16497
16500
16501
16503
16504
16507
16508
16509
16512
16513
16514
16516
16517
16518
16519
16520
16521
16524
16525
16526
16527
16528
16529
16531
16532
16535
16536
16538
16539
16540
16541
16542
16543
16546
16547
16548
16550
16551
16553
16554
16555
16556
16557
16558
16560
16561
16562
16563
16564
16565
16566
16567
16568
16569
16571
16573
16574
16575
16576
16577
16578
16580
16581
16583
16588
16589
16590
16591
16592
16593
16595
16596
16597
16599
16600
16601
16602
16603
16604
16605
16607
16609
16610
16613
16614
16620
16621
16622
16623
16624
16625
16626
16628
16629
16630
16631
16633
16635
16637
16638
16639
16640
16642
16644
16645
16646
16648
16649
16651
16652
16653
16656
16658
16659
16660
16661
16662
16664
16665
16669
16672
16673
16674
16676
16677
16679
16681
16684
16685
16686
16689
16690
16691
16692
16693
16694
16695
16698
16699
16701
16702
16703
16704
16705
16707
16708
16711
16712
16713
16715
16716
16717
16718
16719
16720
16723
16724
16725
16726
16727
16728
16729
16732
16733
16735
16736
16737
16738
16740
16741
16742
16744
16745
16746
16747
16748
16749
16750
16751
16752
16753
16754
16755
16756
16759
16760
16762
16765
16766
16767
16768
16770
16771
16772
16773
16774
16776
16779
16780
16783
16785
16786
16787
16790
16793
16794
16795
16797
16803
16804
16805
16806
16808
16809
16812
16815
16817
16818
16819
16820
16823
16824
16826
16827
16828
16829
16831
16835
16837
16838
16839
16841
16843
16845
16846
16847
16849
16850
16851
16852
16853
16856
16859
16861
16864
16865
16866
16867
16868
16869
16871
16872
16873
16875
16877
16881
16882
16883
16885
16886
16888
16889
16893
16894
16895
16896
16897
16898
16899
16900
16901
16902
16905
16906
16908
16909
16910
16911
16912
16915
16916
16917
16918
16922
16923
16925
16926
16931
16933
16936
16937
16939
16940
16943
16944
16946
16947
16948
16949
16950
16953
16957
16958
16959
16961
16962
16965
16967
16969
16970
16971
16972
16973
16974
16976
16978
16979
16982
16984
16985
16986
16987
16988
16989
16990
16991
16992
16995
16996
16997
17000
17002
17004
17006
17008
17009
17010
17011
17013
17014
17016
17018
17023
17024
17025
17026
17027
17028
17035
17038
17039
17041
17044
17045
17046
17047
17048
17051
17053
17057
17058
17059
17062
17065
17066
17067
17068
17073
17074
17075
17077
17078
17081
17082
17083
17086
17087
17092
17093
17094
17095
17096
17097
17098
17099
17100
17101
17102
17104
17106
17107
17110
17111
17113
17115
17116
17117
17118
17119
17120
17121
17123
17124
17126
17127
17128
17132
17134
17136
17137
17138
17143
17145
17146
17147
17149
17150
17151
17152
17154
17157
17158
17161
17162
17164
17165
17166
17167
17168
17169
17171
17173
17174
17175
17178
17179
17181
17182
17183
17184
17186
17187
17189
17191
17192
17193
17194
17195
17204
17205
17206
17209
17210
17212
17217
17220
17221
17222
17224
17225
17226
17231
17234
17235
17236
17238
17239
17240
17244
17245
17247
17248
17249
17250
17251
17252
17253
17255
17257
17259
17260
17261
17262
17264
17265
17267
17268
17269
17270
17271
17272
17275
17276
17278
17279
17280
17281
17282
17283
17285
17286
17289
17292
17293
17294
17295
17296
17297
17298
17299
17300
17303
17305
17306
17307
17308
17309
17310
17311
17312
17313
17315
17316
17318
17319
17320
17323
17324
17326
17327
17328
17329
17330
17331
17334
17335
17336
17337
17338
17339
17341
17343
17344
17345
17346
17347
17348
17349
17350
17351
17352
17353
17354
17356
17359
17360
17361
17362
17364
17366
17368
17369
17373
17374
17375
17376
17377
17378
17379
17382
17383
17384
17385
17387
17389
17390
17391
17393
17394
17395
17398
17399
17400
17402
17403
17404
17405
17406
17407
17408
17410
17412
17414
17416
17417
17418
17419
17420
17421
17423
17424
17425
17426
17427
17428
17429
17430
17431
17432
17433
17434
17435
17436
17437
17438
17439
17440
17441
17442
17444
17445
17447
17448
17450
17453
17454
17455
17457
17458
17462
17463
17464
17466
17469
17472
17473
17474
17476
17477
17479
17480
17482
17483
17484
17485
17486
17488
17489
17491
17492
17493
17494
17496
17497
17499
17500
17501
17502
17503
17505
17506
17507
17510
17514
17515
17516
17517
17519
17520
17521
17522
17523
17524
17525
17526
17527
17528
17529
17531
17535
17536
17538
17539
17540
17542
17543
17544
17548
17549
17550
17553
17555
17556
17557
17558
17559
17560
17562
17564
17565
17568
17569
17572
17573
17574
17575
17577
17579
17582
17584
17585
17586
17587
17588
17589
17590
17591
17594
17595
17596
17597
17598
17599
17600
17601
17603
17605
17606
17609
17610
17611
17612
17613
17614
17615
17616
17617
17618
17620
17621
17623
17624
17626
17628
17630
17631
17632
17633
17636
17637
17638
17639
17640
17642
17643
17644
17646
17648
17649
17651
17652
17655
17657
17659
17660
17661
17662
17663
17664
17668
17670
17671
17672
17675
17677
17678
17680
17681
17682
17685
17686
17688
17689
17690
17691
17692
17694
17695
17696
17697
17698
17700
17702
17703
17704
17705
17706
17709
17710
17711
17712
17714
17715
17716
17717
17718
17719
17720
17721
17726
17728
17729
17730
17731
17732
17734
17735
17740
17741
17743
17744
17745
17746
17747
17749
17751
17753
17754
17755
17756
17757
17759
17763
17765
17769
17771
17772
17773
17774
17775
17776
17777
17778
17780
17781
17783
17784
17787
17788
17789
17792
17793
17794
17797
17798
17800
17801
17802
17804
17805
17806
17807
17808
17809
17811
17812
17814
17815
17816
17818
17819
17820
17821
17822
17825
17826
17827
17828
17829
17831
17832
17833
17834
17837
17838
17839
17840
17841
17842
17843
17844
17845
17847
17848
17849
17850
17851
17852
17854
17858
17860
17861
17862
17863
17864
17865
17867
17868
17869
17871
17872
17873
17874
17875
17876
17877
17878
17879
17880
17882
17883
17885
17887
17890
17891
17893
17894
17898
17900
17901
17903
17904
17905
17906
17907
17911
17912
17914
17915
17916
17917
17918
17920
17921
17923
17924
17925
17926
17928
17929
17930
17931
17935
17936
17938
17940
17943
17947
17949
17953
17954
17955
17956
17958
17960
17961
17962
17963
17964
17965
17967
17968
17969
17970
17972
17973
17974
17975
17976
17977
17978
17979
17980
17983
17984
17985
17986
17989
17990
17992
17994
17995
17997
17998
18000
18001
18006
18007
18009
18011
18012
18014
18015
18017
18020
18021
18022
18024
18025
18027
18028
18030
18031
18032
18033
18035
18036
18037
18038
18041
18042
18044
18045
18046
18047
18049
18050
18051
18052
18054
18055
18056
18057
18058
18059
18061
18062
18063
18064
18067
18069
18070
18072
18073
18074
18075
18076
18077
18078
18079
18080
18082
18085
18086
18087
18088
18090
18091
18092
18093
18094
18095
18096
18097
18098
18099
18100
18102
18103
18105
18106
18107
18108
18109
18110
18112
18115
18116
18117
18121
18122
18124
18125
18126
18127
18128
18130
18132
18134
18136
18138
18139
18140
18142
18143
18144
18147
18150
18151
18153
18155
18156
18157
18160
18161
18163
18165
18166
18167
18170
18171
18172
18173
18175
18177
18179
18180
18183
18184
18186
18187
18189
18190
18191
18193
18194
18195
18196
18201
18202
18203
18207
18208
18210
18211
18212
18217
18219
18220
18221
18224
18225
18226
18227
18230
18235
18239
18240
18241
18242
18243
18244
18245
18246
18247
18248
18250
18251
18252
18253
18254
18255
18256
18258
18259
18260
18262
18264
18265
18266
18269
18270
18271
18272
18273
18275
18276
18279
18280
18281
18283
18284
18285
18288
18289
18292
18293
18294
18295
18297
18298
18303
18304
18305
18306
18307
18309
18310
18311
18312
18313
18314
18316
18317
18318
18319
18320
18321
18324
18325
18327
18328
18330
18331
18332
18334
18335
18337
18338
18339
18342
18343
18344
18347
18348
18349
18350
18354
18355
18357
18358
18359
18360
18361
18362
18363
18364
18365
18368
18369
18370
18371
18372
18373
18377
18378
18380
18383
18384
18386
18388
18390
18391
18392
18394
18398
18399
18400
18402
18403
18406
18407
18408
18410
18412
18415
18416
18417
18418
18420
18422
18423
18426
18427
18432
18433
18434
18436
18437
18438
18439
18442
18444
18445
18446
18447
18448
18449
18451
18453
18454
18455
18458
18459
18460
18461
18463
18464
18466
18467
18468
18469
18471
18472
18473
18475
18477
18478
18479
18481
18482
18483
18486
18487
18489
18491
18492
18493
18494
18495
18496
18497
18499
