2
4
7
9
19
22
27
28
36
37
45
55
57
58
61
65
70
71
73
86
90
98
99
102
110
111
114
115
117
127
129
131
133
135
140
141
145
148
149
154
155
165
166
167
168
174
180
182
184
189
196
206
209
216
220
221
230
231
233
234
236
239
244
245
246
251
252
257
260
266
267
268
274
275
276
281
292
293
294
296
297
302
306
310
311
318
319
324
326
334
335
336
337
339
350
359
360
361
363
364
365
366
367
372
375
376
377
379
386
387
388
392
393
396
400
411
412
413
418
420
422
425
426
430
431
432
434
440
443
451
452
456
460
469
470
471
473
474
478
480
481
483
485
486
487
494
495
500
517
519
520
531
533
535
543
552
555
568
574
575
577
583
590
594
599
603
606
610
613
614
615
618
621
627
629
633
635
636
638
652
655
656
659
665
666
667
669
674
675
676
681
683
684
685
686
689
698
700
702
705
710
712
715
717
720
722
723
724
729
732
736
737
738
741
746
749
750
755
756
759
761
762
768
773
775
787
790
798
810
819
823
825
826
833
835
839
842
845
853
857
864
868
869
875
880
887
892
893
910
913
915
917
921
927
932
941
942
945
952
955
960
961
963
964
965
967
968
970
971
974
976
987
989
992
994
996
998
999
1000
1005
1010
1015
1017
1018
1023
1025
1029
1033
1042
1044
1049
1052
1059
1060
1063
1066
1067
1083
1084
1093
1094
1095
1105
1106
1108
1109
1110
1118
1119
1123
1127
1133
1134
1136
1141
1143
1144
1149
1151
1152
1160
1164
1167
1171
1175
1180
1189
1191
1193
1195
1208
1215
1219
1221
1222
1224
1235
1236
1238
1241
1244
1246
1249
1257
1259
1261
1268
1271
1280
1284
1292
1293
1294
1301
1303
1306
1307
1310
1312
1313
1323
1326
1330
1331
1335
1337
1341
1342
1345
1348
1360
1361
1364
1378
1381
1383
1385
1388
1389
1393
1396
1399
1402
1403
1408
1409
1410
1411
1417
1419
1420
1426
1428
1429
1430
1432
1434
1437
1454
1460
1461
1462
1463
1464
1467
1470
1472
1473
1475
1476
1477
1480
1483
1484
1486
1487
1492
1502
1504
1505
1506
1508
1509
1514
1518
1519
1521
1522
1523
1524
1527
1532
1534
1539
1540
1543
1547
1550
1551
1553
1556
1559
1563
1567
1568
1573
1575
1578
1579
1580
1581
1582
1583
1585
1590
1592
1593
1596
1597
1598
1602
1603
1606
1607
1608
1609
1611
1612
1614
1615
1618
1624
1625
1626
1627
1631
1632
1633
1635
1647
1649
1651
1656
1661
1665
1667
1668
1670
1671
1674
1677
1681
1685
1686
1691
1693
1695
1697
1698
1699
1706
1714
1715
1717
1720
1722
1724
1739
1740
1741
1742
1746
1751
1752
1763
1765
1770
1773
1776
1785
1786
1787
1792
1796
1798
1799
1801
1804
1805
1806
1809
1810
1812
1813
1815
1816
1817
1823
1825
1828
1833
1835
1837
1838
1843
1850
1855
1856
1863
1865
1873
1876
1877
1881
1883
1892
1894
1901
1904
1905
1906
1908
1911
1912
1913
1914
1927
1928
1932
1933
1936
1937
1938
1939
1951
1954
1959
1961
1964
1965
1968
1972
1975
1977
1979
1980
1981
1984
1985
1988
1991
1994
1995
1996
2005
2010
2015
2018
2019
2028
2031
2035
2036
2037
2038
2041
2045
2047
2050
2052
2054
2058
2059
2060
2061
2062
2068
2070
2071
2075
2077
2079
2081
2088
2089
2093
2096
2100
2105
2106
2113
2117
2118
2119
2122
2123
2127
2131
2132
2137
2139
2146
2151
2153
2158
2162
2164
2166
2169
2172
2173
2175
2177
2181
2185
2191
2193
2194
2205
2206
2212
2218
2225
2229
2234
2235
2239
2248
2262
2264
2270
2273
2275
2276
2280
2284
2287
2292
2305
2306
2311
2312
2313
2315
2316
2318
2320
2325
2326
2328
2329
2331
2334
2335
2340
2341
2345
2346
2349
2350
2352
2353
2358
2359
2362
2367
2371
2372
2376
2378
2379
2386
2388
2390
2392
2393
2395
2401
2410
2411
2413
2414
2420
2421
2422
2423
2426
2430
2432
2438
2440
2444
2445
2452
2457
2464
2465
2467
2469
2470
2476
2481
2482
2488
2489
2496
2499
2500
2502
2504
2505
2506
2507
2508
2513
2514
2517
2519
2521
2522
2529
2535
2538
2543
2550
2553
2555
2556
2557
2562
2565
2567
2568
2572
2578
2579
2582
2588
2590
2591
2593
2596
2598
2600
2606
2607
2610
2617
2627
2633
2635
2636
2637
2641
2642
2649
2651
2652
2653
2655
2660
2663
2664
2665
2668
2669
2671
2674
2677
2678
2679
2680
2681
2684
2690
2691
2699
2701
2712
2717
2720
2721
2722
2735
2736
2744
2746
2750
2751
2753
2754
2756
2757
2764
2767
2769
2775
2777
2781
2785
2786
2787
2790
2792
2800
2808
2815
2824
2829
2832
2835
2839
2841
2847
2851
2856
2857
2859
2862
2866
2868
2874
2877
2887
2892
2894
2898
2900
2902
2903
2905
2910
2912
2915
2917
2921
2923
2925
2929
2930
2933
2938
2944
2948
2950
2951
2953
2956
2960
2962
2966
2969
2970
2971
2973
2974
2978
2980
2986
2987
2988
2989
2990
2993
2994
2996
2997
2999
3015
3016
3020
3027
3029
3031
3032
3033
3035
3037
3038
3059
3061
3063
3064
3067
3070
3071
3078
3080
3081
3082
3088
3091
3099
3101
3102
3103
3104
3107
3108
3110
3114
3115
3116
3119
3121
3122
3125
3126
3127
3130
3132
3136
3139
3141
3142
3144
3145
3150
3154
3159
3162
3163
3164
3165
3168
3169
3172
3173
3175
3186
3197
3198
3201
3204
3208
3210
3211
3213
3214
3217
3221
3224
3225
3228
3232
3233
3237
3243
3244
3246
3249
3253
3259
3262
3263
3265
3267
3268
3271
3276
3278
3281
3283
3288
3290
3291
3292
3293
3296
3297
3302
3304
3306
3307
3308
3310
3315
3319
3321
3322
3325
3326
3332
3334
3335
3336
3337
3338
3339
3343
3345
3346
3347
3348
3350
3353
3354
3356
3357
3359
3364
3366
3369
3373
3380
3389
3390
3392
3396
3398
3405
3409
3414
3416
3417
3421
3423
3436
3440
3442
3450
3451
3452
3453
3454
3456
3458
3464
3465
3466
3469
3474
3477
3479
3484
3497
3498
3500
3502
3504
3505
3508
3509
3510
3512
3514
3517
3519
3520
3528
3529
3531
3533
3536
3537
3540
3544
3547
3549
3550
3554
3555
3556
3558
3563
3565
3567
3569
3570
3571
3573
3576
3577
3580
3581
3582
3584
3588
3590
3594
3595
3596
3598
3599
3601
3602
3605
3606
3607
3609
3612
3614
3615
3616
3617
3621
3626
3637
3642
3644
3647
3651
3653
3657
3659
3669
3671
3673
3674
3675
3677
3678
3680
3686
3687
3691
3694
3697
3701
3704
3706
3709
3714
3722
3728
3731
3732
3737
3742
3745
3751
3753
3759
3764
3772
3781
3782
3784
3788
3789
3791
3802
3803
3804
3810
3811
3813
3814
3816
3818
3820
3822
3830
3831
3835
3840
3841
3843
3845
3850
3852
3857
3864
3870
3874
3876
3877
3881
3890
3891
3892
3894
3895
3902
3903
3905
3907
3911
3913
3915
3917
3918
3923
3927
3928
3929
3931
3933
3938
3944
3946
3948
3957
3958
3963
3966
3970
3973
3974
3979
3980
3982
3983
3991
3994
3999
4000
4003
4006
4009
4010
4020
4021
4029
4033
4037
4038
4043
4052
4055
4067
4068
4075
4076
4079
4080
4081
4082
4083
4084
4086
4096
4099
4100
4101
4106
4109
4113
4119
4120
4121
4133
4134
4137
4150
4151
4154
4157
4160
4163
4165
4170
4173
4176
4185
4186
4190
4197
4199
4212
4219
4221
4222
4228
4229
4238
4242
4243
4245
4247
4249
4250
4251
4257
4260
4271
4272
4276
4277
4279
4284
4286
4287
4288
4290
4297
4301
4305
4308
4311
4317
4318
4323
4324
4325
4326
4327
4329
4333
4334
4340
4343
4345
4347
4349
4353
4359
4363
4365
4370
4371
4373
4377
4386
4389
4390
4397
4398
4402
4403
4407
4412
4413
4416
4418
4420
4421
4422
4427
4430
4437
4443
4445
4448
4450
4452
4454
4455
4464
4465
4467
4472
4473
4480
4484
4487
4490
4492
4497
4507
4509
4516
4518
4522
4527
4532
4536
4538
4542
4543
4550
4551
4553
4557
4558
4569
4570
4574
4577
4580
4586
4588
4594
4596
4600
4605
4608
4610
4612
4616
4617
4626
4627
4631
4632
4635
4636
4640
4641
4642
4644
4654
4658
4660
4661
4662
4671
4675
4681
4683
4685
4688
4691
4693
4698
4700
4703
4706
4708
4710
4715
4720
4721
4722
4723
4724
4738
4741
4747
4751
4753
4758
4764
4765
4766
4775
4776
4778
4780
4783
4786
4797
4798
4799
4803
4805
4810
4814
4815
4817
4818
4819
4820
4822
4823
4825
4826
4827
4830
4841
4844
4845
4849
4852
4855
4864
4865
4868
4869
4873
4874
4875
4879
4882
4887
4890
4892
4896
4900
4901
4904
4907
4911
4914
4921
4922
4924
4926
4932
4940
4942
4943
4945
4951
4952
4958
4959
4963
4965
4973
4975
4976
4977
4978
4979
4981
4982
4984
4985
4988
4991
4994
4996
4998
5000
5002
5008
5009
5012
5018
5020
5022
5025
5033
5038
5041
5043
5048
5049
5050
5051
5052
5056
5063
5064
5065
5066
5068
5069
5074
5075
5080
5086
5088
5089
5093
5097
5098
5101
5102
5106
5107
5109
5110
5111
5112
5113
5115
5120
5121
5126
5127
5140
5148
5149
5150
5153
5154
5157
5158
5159
5163
5165
5167
5170
5171
5176
5180
5181
5182
5183
5184
5187
5190
5193
5206
5208
5210
5212
5217
5220
5221
5222
5233
5242
5244
5249
5251
5254
5260
5266
5267
5272
5273
5274
5278
5280
5281
5282
5283
5286
5287
5289
5292
5298
5306
5307
5309
5312
5313
5314
5315
5319
5320
5322
5324
5327
5329
5330
5331
5334
5337
5338
5339
5341
5349
5350
5354
5361
5362
5365
5367
5375
5376
5378
5380
5386
5392
5395
5398
5401
5403
5404
5406
5409
5410
5412
5414
5417
5421
5422
5423
5428
5429
5430
5434
5438
5440
5446
5450
5459
5462
5466
5470
5471
5473
5476
5481
5483
5484
5487
5488
5489
5492
5495
5499
5500
5501
5507
5512
5513
5514
5516
5519
5521
5522
5528
5530
5533
5536
5537
5542
5543
5545
5550
5552
5557
5560
5561
5567
5570
5572
5583
5586
5590
5596
5597
5599
5601
5610
5611
5615
5617
5620
5627
5629
5630
5634
5635
5636
5643
5645
5648
5652
5656
5663
5667
5670
5673
5674
5676
5677
5678
5682
5685
5687
5695
5699
5700
5704
5705
5706
5710
5714
5716
5725
5729
5730
5734
5736
5740
5741
5754
5755
5759
5761
5763
5765
5768
5770
5771
5773
5774
5776
5779
5786
5790
5794
5795
5800
5805
5807
5816
5817
5820
5823
5825
5827
5828
5830
5832
5833
5835
5838
5840
5845
5850
5851
5852
5854
5858
5862
5863
5865
5871
5879
5880
5881
5889
5890
5894
5900
5904
5907
5909
5915
5917
5918
5919
5922
5924
5925
5932
5934
5936
5937
5940
5942
5944
5948
5950
5953
5955
5956
5959
5961
5966
5967
5968
5970
5971
5975
5979
5982
5983
5984
5988
5989
5996
5998
6005
6006
6009
6012
6014
6019
6024
6025
6027
6028
6029
6032
6035
6036
6037
6039
6041
6045
6050
6051
6057
6059
6060
6062
6064
6071
6074
6076
6081
6082
6083
6090
6110
6114
6115
6118
6119
6120
6122
6128
6134
6136
6137
6138
6143
6144
6145
6148
6150
6170
6171
6174
6175
6176
6179
6182
6187
6193
6195
6201
6203
6210
6211
6217
6218
6221
6223
6227
6230
6232
6234
6237
6238
6240
6241
6242
6246
6248
6254
6258
6260
6262
6266
6275
6278
6282
6286
6289
6292
6302
6307
6311
6314
6315
6316
6324
6326
6327
6329
6330
6337
6339
6341
6342
6344
6345
6346
6347
6351
6352
6353
6355
6361
6368
6370
6371
6377
6380
6381
6382
6385
6399
6402
6403
6412
6414
6415
6418
6422
6424
6428
6429
6438
6441
6443
6449
6452
6462
6463
6466
6467
6473
6477
6479
6480
6484
6485
6486
6489
6491
6492
6493
6494
6495
6507
6512
6515
6518
6522
6523
6529
6531
6532
6535
6541
6548
6549
6550
6551
6554
6555
6557
6561
6562
6566
6569
6570
6572
6574
6579
6581
6587
6589
6597
6600
6603
6604
6614
6616
6618
6624
6628
6638
6643
6645
6648
6649
6657
6662
6664
6667
6668
6679
6680
6682
6689
6690
6692
6694
6696
6701
6705
6711
6713
6719
6722
6727
6737
6738
6739
6740
6755
6758
6759
6760
6761
6763
6766
6773
6776
6777
6781
6782
6783
6784
6788
6790
6793
6794
6795
6796
6801
6802
6804
6805
6807
6810
6814
6818
6821
6822
6825
6826
6830
6831
6833
6835
6838
6843
6844
6847
6856
6862
6863
6866
6867
6868
6872
6877
6878
6879
6883
6885
6896
6897
6899
6900
6908
6909
6912
6913
6917
6918
6926
6927
6929
6931
6932
6933
6935
6938
6939
6941
6942
6945
6946
6947
6948
6949
6950
6951
6955
6957
6962
6968
6969
6977
6978
6979
6980
6981
6982
6984
6985
6991
6994
6995
6997
7001
7002
7006
7007
7009
7011
7013
7016
7020
7021
7026
7032
7035
7036
7045
7047
7054
7062
7066
7071
7072
7077
7078
7099
7104
7107
7110
7112
7116
7117
7118
7121
7122
7124
7133
7135
7136
7139
7145
7148
7149
7151
7154
7155
7156
7158
7159
7165
7169
7172
7182
7190
7191
7196
7197
7198
7201
7202
7204
7208
7214
7218
7219
7225
7227
7234
7241
7242
7246
7248
7252
7255
7257
7260
7262
7263
7267
7272
7277
7284
7285
7286
7293
7297
7299
7302
7303
7304
7306
7307
7309
7316
7317
7320
7325
7330
7331
7335
7337
7338
7341
7348
7358
7360
7361
7365
7366
7372
7377
7381
7382
7389
7391
7393
7400
7401
7402
7407
7409
7414
7417
7420
7423
7425
7426
7428
7437
7438
7443
7445
7446
7452
7453
7455
7466
7469
7476
7477
7480
7482
7487
7489
7491
7497
7501
7504
7505
7512
7513
7514
7515
7526
7529
7531
7532
7533
7534
7538
7542
7544
7550
7553
7554
7557
7560
7561
7562
7563
7564
7567
7578
7585
7586
7589
7593
7597
7599
7603
7604
7613
7614
7616
7618
7620
7621
7622
7626
7628
7631
7640
7646
7650
7654
7655
7656
7660
7661
7670
7674
7677
7681
7685
7687
7690
7700
7701
7702
7706
7707
7708
7711
7713
7729
7734
7737
7738
7741
7742
7746
7751
7755
7756
7757
7762
7763
7768
7771
7773
7774
7775
7779
7780
7790
7791
7793
7801
7804
7806
7807
7813
7815
7816
7820
7829
7830
7840
7844
7849
7850
7853
7865
7867
7869
7870
7878
7880
7882
7885
7886
7890
7891
7895
7900
7906
7911
7914
7915
7918
7919
7920
7922
7929
7932
7933
7936
7943
7945
7946
7951
7952
7959
7960
7963
7967
7968
7969
7970
7972
7974
7975
7985
7987
7988
7992
8000
8001
8002
8003
8004
8006
8007
8010
8011
8013
8018
8020
8022
8023
8031
8041
8050
8052
8056
8060
8061
8065
8068
8072
8075
8076
8077
8080
8081
8083
8086
8095
8098
8100
8101
8102
8103
8104
8113
8116
8118
8126
8133
8134
8135
8141
8149
8151
8153
8154
8160
8163
8167
8168
8174
8178
8179
8180
8182
8184
8186
8187
8191
8201
8203
8210
8211
8213
8217
8218
8226
8227
8231
8232
8234
8235
8238
8240
8246
8248
8249
8252
8253
8255
8258
8259
8263
8269
8270
8272
8274
8275
8277
8281
8282
8285
8299
8303
8314
8317
8318
8324
8326
8330
8341
8347
8348
8349
8350
8354
8356
8358
8359
8360
8366
8367
8369
8372
8374
8377
8380
8387
8388
8389
8390
8392
8400
8401
8408
8412
8413
8420
8423
8424
8426
8427
8438
8440
8446
8449
8450
8454
8455
8459
8461
8466
8467
8470
8472
8478
8494
8501
8505
8509
8512
8515
8522
8523
8526
8527
8530
8532
8533
8536
8543
8547
8548
8550
8559
8561
8563
8564
8567
8582
8584
8586
8589
8594
8595
8596
8597
8599
8614
8616
8619
8620
8621
8622
8623
8627
8629
8630
8633
8634
8637
8638
8640
8643
8645
8648
8649
8654
8655
8657
8659
8660
8664
8665
8666
8668
8669
8671
8672
8682
8683
8684
8685
8686
8687
8688
8689
8692
8694
8697
8705
8708
8709
8713
8719
8721
8723
8725
8726
8728
8731
8734
8736
8743
8745
8751
8753
8762
8763
8769
8775
8777
8783
8785
8795
8797
8799
8800
8803
8805
8812
8814
8818
8819
8820
8824
8826
8830
8832
8834
8838
8840
8844
8845
8855
8856
8863
8865
8868
8871
8874
8877
8878
8885
8886
8889
8893
8895
8897
8898
8902
8903
8906
8910
8914
8915
8917
8919
8929
8932
8937
8941
8946
8950
8951
8953
8954
8955
8960
8961
8964
8966
8969
8970
8971
8972
8975
8976
8977
8984
8985
8990
8997
9002
9005
9006
9008
9010
9011
9012
9013
9014
9015
9016
9018
9021
9028
9030
9031
9033
9034
9041
9045
9050
9051
9052
9063
9068
9072
9075
9076
9077
9078
9079
9080
9082
9085
9087
9089
9093
9097
9099
9101
9112
9113
9114
9121
9127
9128
9130
9131
9132
9134
9135
9136
9140
9143
9144
9149
9150
9151
9153
9156
9157
9160
9170
9173
9175
9176
9177
9178
9186
9193
9194
9196
9197
9203
9205
9207
9208
9209
9211
9214
9216
9218
9221
9223
9226
9228
9232
9234
9242
9244
9245
9249
9253
9255
9261
9262
9263
9269
9270
9272
9277
9278
9281
9283
9288
9290
9291
9292
9299
9300
9305
9306
9313
9315
9318
9320
9321
9322
9323
9324
9325
9327
9329
9332
9335
9336
9337
9338
9341
9342
9346
9347
9349
9350
9351
9354
9359
9366
9367
9371
9374
9381
9382
9384
9388
9389
9403
9405
9406
9407
9408
9413
9414
9416
9419
9430
9439
9441
9444
9447
9448
9459
9463
9464
9465
9471
9472
9474
9483
9485
9487
9495
9499
9503
9506
9511
9514
9520
9521
9524
9526
9527
9532
9539
9542
9543
9544
9545
9546
9549
9550
9551
9553
9554
9557
9561
9564
9567
9568
9577
9586
9587
9593
9597
9599
9601
9603
9604
9613
9614
9615
9616
9618
9619
9620
9623
9626
9627
9628
9646
9649
9650
9652
9658
9661
9662
9665
9666
9675
9676
9682
9686
9688
9689
9690
9694
9697
9698
9701
9702
9704
9707
9710
9714
9715
9717
9719
9721
9722
9723
9725
9727
9734
9737
9739
9740
9745
9754
9756
9761
9763
9769
9773
9774
9782
9786
9789
9791
9795
9799
9801
9805
9810
9817
9819
9821
9822
9827
9829
9832
9839
9842
9844
9845
9847
9849
9851
9862
9863
9865
9866
9869
9870
9871
9872
9876
9877
9882
9883
9885
9887
9891
9905
9908
9914
9917
9919
9920
9921
9931
9936
9937
9944
9945
9946
9948
9951
9953
9954
9958
9959
9960
9963
9966
9972
9973
9975
9977
9979
9984
9987
9994
10000
10002
10004
10008
10010
10024
10026
10028
10032
10039
10045
10048
10053
10055
10056
10058
10059
10061
10064
10067
10070
10071
10072
10077
10093
10096
10099
10101
10103
10106
10111
10112
10123
10130
10139
10140
10141
10142
10144
10145
10146
10155
10156
10160
10163
10165
10168
10172
10175
10182
10185
10187
10191
10192
10201
10206
10214
10218
10223
10232
10239
10248
10249
10256
10257
10259
10270
10272
10274
10275
10277
10278
10280
10282
10287
10294
10296
10299
10304
10306
10307
10310
10312
10321
10327
10333
10334
10335
10336
10340
10347
10350
10353
10355
10360
10362
10363
10364
10366
10367
10368
10369
10371
10375
10376
10378
10380
10381
10382
10384
10386
10387
10391
10392
10393
10405
10407
10411
10414
10417
10419
10420
10421
10422
10423
10424
10425
10437
10440
10441
10444
10445
10447
10451
10460
10461
10463
10469
10480
10481
10482
10483
10484
10485
10488
10490
10504
10505
10516
10520
10522
10527
10534
10538
10541
10542
10543
10544
10546
10549
10551
10553
10555
10565
10567
10569
10575
10579
10580
10581
10584
10586
10587
10591
10592
10594
10599
10613
10614
10615
10620
10621
10622
10627
10630
10631
10638
10643
10658
10660
10662
10665
10667
10668
10669
10673
10674
10682
10683
10684
10687
10690
10694
10698
10701
10706
10708
10712
10713
10716
10717
10721
10726
10732
10737
10738
10741
10742
10746
10749
10754
10755
10757
10758
10763
10764
10765
10768
10770
10772
10778
10780
10783
10784
10785
10788
10790
10791
10793
10803
10807
10813
10816
10817
10818
10820
10828
10838
10843
10845
10848
10850
10851
10854
10856
10859
10861
10863
10864
10867
10872
10873
10877
10886
10888
10889
10891
10898
10900
10901
10905
10911
10914
10920
10926
10931
10935
10939
10940
10947
10955
10962
10965
10966
10968
10969
10971
10974
10975
10976
10991
10995
11000
11002
11010
11011
11015
11017
11028
11029
11033
11034
11036
11044
11046
11048
11049
11050
11058
11064
11065
11067
11068
11069
11076
11082
11085
11086
11088
11091
11098
11099
11101
11104
11105
11106
11108
11113
11115
11116
11118
11119
11121
11122
11123
11136
11140
11146
11155
11156
11157
11158
11159
11163
11165
11168
11169
11171
11172
11175
11176
11179
11180
11183
11185
11186
11198
11200
11205
11207
11208
11211
11213
11216
11219
11224
11229
11235
11237
11241
11243
11245
11247
11250
11252
11255
11260
11261
11263
11264
11273
11277
11283
11288
11290
11295
11298
11299
11300
11301
11302
11305
11307
11312
11314
11316
11321
11323
11328
11330
11333
11335
11337
11338
11339
11341
11342
11347
11348
11353
11354
11363
11367
11369
11377
11378
11384
11396
11399
11401
11403
11405
11406
11407
11408
11418
11420
11423
11424
11438
11443
11444
11445
11457
11458
11460
11462
11463
11466
11467
11471
11474
11475
11477
11478
11480
11483
11484
11488
11496
11497
11500
11501
11503
11504
11505
11507
11509
11513
11514
11515
11521
11524
11525
11527
11528
11531
11534
11535
11537
11538
11540
11544
11545
11549
11551
11552
11553
11556
11557
11558
11559
11561
11565
11571
11574
11577
11579
11585
11586
11587
11589
11590
11599
11600
11601
11602
11603
11605
11608
11614
11615
11616
11618
11624
11625
11627
11631
11636
11640
11648
11650
11652
11655
11656
11666
11676
11679
11686
11689
11691
11696
11703
11705
11706
11710
11711
11712
11718
11720
11725
11726
11727
11729
11732
11734
11735
11744
11746
11747
11753
11760
11765
11766
11769
11773
11774
11775
11777
11778
11780
11786
11790
11794
11795
11800
11803
11812
11814
11820
11827
11828
11834
11837
11841
11843
11853
11855
11856
11857
11863
11866
11869
11874
11875
11878
11880
11881
11882
11885
11888
11890
11900
11903
11907
11908
11913
11915
11918
11921
11925
11929
11931
11941
11942
11943
11945
11946
11949
11950
11955
11956
11957
11962
11963
11965
11967
11976
11979
11982
11988
11990
11991
11992
11995
11999
12000
12001
12004
12007
12008
12011
12015
12017
12021
12022
12025
12026
12031
12033
12039
12043
12045
12046
12047
12050
12051
12054
12060
12064
12066
12068
12070
12077
12086
12089
12092
12095
12108
12110
12113
12117
12131
12134
12137
12146
12151
12153
12155
12159
12160
12165
12167
12170
12171
12175
12176
12177
12182
12183
12188
12189
12192
12193
12198
12204
12205
12210
12211
12216
12218
12219
12221
12223
12228
12233
12235
12241
12248
12249
12254
12255
12256
12260
12262
12265
12270
12272
12277
12280
12281
12289
12290
12294
12300
12303
12312
12316
12318
12319
12320
12321
12324
12325
12327
12330
12337
12341
12343
12344
12348
12350
12353
12356
12357
12363
12367
12369
12372
12373
12374
12379
12380
12381
12385
12388
12391
12393
12394
12395
12398
12403
12412
12417
12423
12424
12428
12430
12433
12441
12448
12449
12455
12457
12462
12464
12466
12473
12476
12478
12480
12488
12490
12491
12492
12493
12495
12506
12510
12512
12524
12526
12528
12529
12530
12531
12536
12540
12544
12548
12555
12557
12568
12570
12572
12574
12576
12578
12579
12582
12585
12589
12592
12594
12596
12598
12599
12605
12609
12615
12619
12620
12622
12623
12633
12635
12637
12640
12647
12650
12652
12654
12655
12658
12662
12663
12670
12671
12676
12682
12683
12685
12686
12692
12694
12695
12700
12702
12716
12720
12721
12722
12725
12727
12728
12729
12734
12737
12739
12741
12744
12748
12751
12753
12754
12761
12764
12765
12767
12773
12775
12776
12781
12782
12784
12786
12787
12789
12791
12792
12794
12798
12799
12804
12805
12806
12809
12811
12812
12814
12817
12818
12820
12822
12824
12831
12833
12843
12847
12848
12854
12862
12866
12867
12868
12869
12870
12873
12874
12875
12878
12880
12886
12889
12890
12896
12899
12905
12915
12916
12917
12924
12925
12926
12933
12936
12940
12941
12946
12948
12953
12954
12956
12958
12959
12960
12962
12963
12967
12969
12970
12971
12972
12982
12989
12990
12994
13001
13003
13004
13006
13007
13008
13023
13024
13027
13031
13033
13034
13037
13038
13046
13049
13052
13054
13055
13057
13058
13060
13061
13062
13066
13073
13076
13077
13079
13082
13083
13084
13086
13089
13091
13098
13099
13100
13101
13102
13107
13112
13117
13118
13119
13121
13124
13131
13133
13134
13139
13144
13145
13152
13154
13162
13165
13167
13168
13170
13173
13174
13175
13176
13180
13181
13185
13186
13190
13191
13193
13195
13199
13200
13203
13209
13230
13234
13240
13242
13243
13250
13259
13261
13262
13268
13273
13278
13279
13284
13291
13293
13294
13299
13302
13303
13304
13312
13313
13321
13324
13325
13326
13329
13330
13331
13332
13337
13340
13342
13349
13350
13351
13356
13357
13358
13364
13366
13367
13370
13371
13374
13378
13380
13382
13385
13391
13392
13393
13399
13401
13408
13411
13412
13421
13422
13423
13430
13432
13437
13439
13441
13442
13444
13450
13452
13457
13458
13462
13465
13467
13468
13469
13471
13472
13474
13477
13479
13485
13492
13494
13497
13499
13506
13510
13511
13513
13516
13521
13526
13528
13529
13537
13548
13552
13555
13559
13568
13573
13574
13577
13578
13579
13581
13585
13586
13590
13596
13600
13602
13604
13610
13613
13616
13617
13622
13623
13624
13631
13636
13638
13642
13646
13647
13648
13650
13652
13655
13656
13661
13665
13666
13669
13675
13680
13681
13683
13686
13690
13691
13692
13693
13697
13704
13705
13706
13709
13710
13711
13718
13719
13720
13724
13726
13727
13728
13736
13739
13741
13742
13744
13745
13747
13754
13755
13760
13763
13766
13767
13768
13770
13772
13774
13776
13777
13780
13784
13785
13792
13797
13800
13802
13806
13807
13816
13820
13822
13827
13828
13829
13831
13832
13835
13836
13840
13844
13846
13851
13852
13853
13855
13859
13861
13868
13871
13872
13877
13881
13884
13886
13887
13890
13895
13896
13900
13909
13910
13914
13916
13919
13920
13923
13925
13930
13934
13935
13943
13952
13953
13967
13970
13976
13980
13981
13982
13988
13990
13991
13992
13993
13994
13996
13997
14006
14008
14011
14015
14017
14020
14021
14024
14025
14027
14028
14030
14032
14041
14044
14049
14050
14052
14055
14056
14057
14058
14061
14070
14080
14087
14094
14096
14097
14099
14102
14108
14109
14111
14115
14116
14117
14118
14124
14135
14136
14141
14145
14146
14147
14148
14149
14151
14156
14159
14162
14163
14164
14165
14166
14172
14182
14183
14185
14187
14188
14189
14193
14194
14195
14196
14199
14201
14204
14205
14209
14218
14227
14230
14235
14237
14238
14258
14262
14274
14283
14284
14287
14291
14294
14303
14306
14307
14313
14321
14322
14325
14333
14337
14343
14346
14349
14350
14356
14365
14372
14376
14385
14395
14398
14403
14405
14407
14412
14414
14416
14419
14422
14424
14427
14431
14432
14433
14437
14438
14448
14451
14453
14458
14459
14465
14468
14469
14470
14474
14481
14485
14486
14488
14490
14495
14498
14499
14500
14504
14505
14508
14513
14514
14515
14521
14522
14525
14526
14530
14532
14545
14549
14557
14570
14572
14582
14587
14588
14589
14591
14595
14596
14598
14602
14605
14606
14610
14619
14620
14622
14623
14629
14631
14634
14636
14654
14663
14670
14677
14684
14690
14692
14694
14696
14699
14702
14703
14707
14709
14713
14715
14724
14725
14726
14734
14738
14740
14742
14747
14752
14754
14760
14761
14762
14763
14764
14765
14773
14781
14785
14786
14787
14788
14790
14792
14797
14808
14812
14814
14816
14817
14827
14829
14830
14836
14839
14840
14843
14847
14848
14849
14851
14862
14865
14874
14875
14877
14879
14882
14883
14884
14885
14895
14905
14907
14910
14913
14919
14923
14924
14929
14931
14932
14934
14935
14941
14944
14946
14947
14948
14949
14950
14957
14960
14961
14962
14965
14968
14975
14981
14996
14998
15004
15007
15016
15022
15024
15025
15027
15029
15035
15036
15037
15043
15044
15045
15046
15047
15052
15057
15059
15062
15064
15065
15069
15073
15074
15077
15078
15079
15082
15088
15091
15092
15094
15095
15099
15102
15108
15110
15111
15116
15120
15121
15122
15124
15136
15137
15139
15143
15145
15155
15160
15163
15164
15165
15173
15177
15183
15193
15202
15203
15207
15211
15212
15213
15214
15223
15225
15226
15227
15229
15230
15233
15234
15248
15249
15250
15253
15254
15255
15257
15259
15260
15262
15263
15265
15266
15268
15270
15271
15285
15287
15290
15291
15293
15300
15302
15307
15308
15322
15326
15328
15329
15331
15338
15342
15345
15346
15357
15359
15361
15362
15376
15382
15387
15390
15392
15398
15400
15403
15407
15413
15416
15419
15422
15424
15427
15430
15431
15432
15435
15441
15444
15450
15454
15457
15458
15463
15465
15466
15470
15471
15473
15476
15481
15482
15488
15492
15493
15494
15495
15504
15505
15506
15511
15512
15517
15518
15529
15531
15535
15537
15539
15540
15541
15544
15547
15549
15552
15554
15555
15556
15557
15559
15568
15571
15578
15580
15586
15588
15590
15592
15596
15599
15603
15605
15607
15608
15613
15616
15618
15622
15625
15626
15628
15637
15641
15645
15646
15649
15665
15666
15668
15670
15671
15677
15679
15684
15686
15689
15690
15693
15697
15700
15705
15707
15708
15709
15710
15711
15713
15714
15715
15717
15719
15726
15728
15732
15737
15742
15743
15752
15756
15764
15765
15767
15771
15773
15776
15778
15779
15780
15784
15787
15789
15800
15801
15806
15807
15811
15813
15815
15818
15820
15821
15823
15827
15830
15831
15834
15836
15837
15838
15840
15847
15853
15856
15857
15861
15862
15863
15864
15865
15869
15872
15873
15874
15883
15884
15887
15891
15892
15900
15902
15904
15909
15914
15922
15924
15926
15942
15951
15953
15954
15955
15957
15958
15960
15964
15970
15971
15974
15977
15983
15985
15988
15990
15991
15993
15996
15999
16000
16008
16010
16013
16016
16024
16025
16028
16029
16033
16034
16042
16046
16050
16051
16053
16055
16056
16058
16062
16071
16072
16074
16076
16080
16082
16088
16090
16100
16101
16102
16116
16117
16120
16125
16126
16127
16128
16132
16134
16138
16141
16142
16143
16144
16150
16152
16157
16158
16159
16161
16163
16166
16174
16178
16180
16184
16187
16190
16196
16197
16200
16201
16202
16203
16204
16209
16215
16216
16221
16223
16225
16226
16227
16228
16232
16235
16236
16238
16239
16242
16244
16245
16250
16253
16254
16255
16257
16258
16259
16265
16269
16274
16279
16280
16287
16290
16293
16296
16297
16303
16304
16314
16316
16318
16323
16324
16328
16331
16339
16340
16341
16343
16348
16352
16357
16358
16375
16376
16377
16378
16379
16381
16385
16387
16391
16392
16393
16397
16399
16402
16403
16408
16409
16411
16414
16421
16422
16431
16435
16442
16444
16452
16453
16460
16463
16464
16465
16468
16472
16474
16475
16479
16482
16483
16486
16492
16494
16500
16502
16506
16519
16520
16528
16534
16539
16542
16543
16544
16545
16547
16551
16555
16556
16560
16561
16567
16570
16577
16583
16586
16587
16590
16591
16596
16600
16605
16611
16619
16620
16628
16634
16637
16642
16644
16645
16646
16650
16651
16652
16653
16654
16658
16660
16661
16665
16670
16683
16684
16687
16688
16689
16690
16692
16695
16699
16700
16702
16711
16714
16715
16718
16720
16722
16723
16724
16725
16726
16727
16738
16746
16747
16748
16749
16751
16754
16758
16767
16769
16772
16775
16778
16780
16782
16784
16786
16790
16792
16793
16794
16796
16807
16808
16809
16812
16818
16824
16825
16831
16834
16844
16848
16849
16850
16855
16866
16869
16874
16876
16881
16885
16886
16887
16888
16892
16894
16899
16903
16905
16906
16921
16923
16924
16928
16929
16937
16939
16941
16942
16946
16947
16953
16956
16958
16959
16960
16968
16974
16975
16981
16984
16986
16999
17002
17004
17005
17008
17009
17012
17013
17014
17022
17026
17027
17031
17035
17036
17037
17041
17042
17045
17053
17060
17064
17068
17071
17074
17077
17083
17087
17092
17095
17096
17104
17108
17109
17115
17116
17122
17123
17133
17136
17138
17139
17141
17142
17145
17146
17150
17154
17155
17156
17157
17162
17166
17171
17177
17179
17182
17186
17189
17194
17196
17200
17201
17205
17206
17207
17210
17212
17214
17218
17221
17232
17235
17239
17246
17251
17252
17255
17261
17262
17265
17266
17267
17269
17274
17277
17281
17285
17286
17288
17290
17291
17292
17299
17301
17303
17308
17314
17324
17325
17327
17329
17332
17337
17338
17341
17348
17349
17350
17352
17353
17355
17356
17358
17364
17366
17372
17385
17386
17391
17392
17401
17402
17403
17404
17406
17407
17410
17411
17412
17413
17414
17417
17420
17421
17422
17429
17432
17434
17437
17438
17447
17452
17459
17467
17468
17469
17475
17476
17479
17484
17486
17488
17489
17492
17494
17498
17504
17505
17508
17513
17514
17517
17519
17522
17525
17526
17528
17530
17531
17537
17551
17552
17553
17554
17557
17560
17564
17566
17572
17573
17574
17577
17588
17591
17592
17593
17595
17596
17600
17601
17604
17614
17615
17616
17620
17621
17623
17627
17628
17631
17635
17641
17646
17659
17660
17663
17664
17667
17668
17670
17672
17677
17678
17680
17682
17684
17685
17686
17689
17690
17692
17699
17701
17702
17705
17707
17709
17710
17717
17720
17725
17728
17730
17731
17733
17735
17739
17744
17746
17748
17750
17752
17753
17761
17768
17775
17778
17781
17784
17789
17791
17792
17793
17796
17799
17802
17804
17808
17809
17811
17813
17816
17819
17828
17833
17836
17838
17839
17840
17841
17851
17852
17858
17861
17862
17864
17868
17869
17871
17876
17877
17878
17879
17886
17887
17889
17891
17892
17894
17909
17911
17914
17917
17919
17923
17924
17925
17933
17937
17943
17952
17953
17954
17957
17958
17959
17964
17965
17966
17969
17970
17972
17978
17985
17987
17990
17991
17992
17994
17997
17998
18000
18001
18007
18011
18015
18020
18024
18026
18027
18030
18032
18033
18034
18037
18041
18046
18057
18058
18061
18064
18066
18072
18076
18079
18081
18088
18092
18095
18097
18098
18102
18105
18112
18113
18117
18121
18122
18124
18125
18126
18141
18152
18153
18154
18156
18159
18162
18171
18178
18179
18182
18183
18187
18188
18189
18191
18193
18196
18197
18203
18204
18209
18215
18218
18220
18222
18224
18230
18235
18238
18239
18242
18244
18247
18249
18252
18253
18261
18263
18267
18270
18280
18281
18282
18283
18284
18285
18294
18298
18302
18304
18305
18306
18307
18308
18312
18313
18320
18322
18324
18331
18332
18337
18342
18346
18348
18350
18355
18356
18360
18362
18364
18366
18372
18374
18375
18380
18382
18383
18384
18385
18388
18389
18397
18399
18403
18408
18409
18412
18413
18415
18419
18423
18427
18428
18429
18430
18432
18437
18440
18441
18442
18443
18449
18450
18451
18452
18455
18457
18460
18464
18467
18470
18476
18477
18480
18481
18488
18501
18503
18505
18512
18514
18517
18520
18522
18526
18535
18536
18537
18538
18543
18546
18556
18557
18560
18561
18563
18573
18580
18581
18582
18583
18584
18590
18591
18592
18600
18603
18604
18606
18607
18610
18612
18614
18616
18617
18618
18619
18622
18623
18624
18628
18630
18631
18636
18637
18641
18644
18645
18646
18649
18650
18656
18657
18658
18659
18664
18672
18674
18679
18680
18682
18683
18695
18696
18700
18704
18712
18718
18722
18725
18726
18728
18731
18733
18735
18737
18739
18743
18744
18747
18752
18753
18756
18760
18771
18777
18780
18782
18783
18790
18792
18797
18798
18799
18808
18809
18814
18815
18818
18819
18821
18822
18823
18824
18826
18829
18830
18831
18836
18839
18840
18842
18845
18848
18854
18862
18863
18864
18865
18868
18870
18871
18873
18889
18890
18891
18893
18894
18896
18899
18900
18902
18904
18906
18911
18913
18915
18916
18918
18920
18922
18926
18927
18928
18930
18931
18934
18941
18943
18947
18948
18949
18953
18956
18958
18959
18963
18973
18981
18982
18987
18992
18994
18998
18999
19001
19003
19004
19005
19009
19010
19017
19025
19034
19035
19036
19038
19039
19044
19046
19047
19052
19054
19055
19056
19060
19063
19073
19082
19083
19086
19092
19093
19095
19096
19100
19102
19111
19114
19116
19120
19131
19132
19136
19138
19145
19147
19149
19152
19156
19157
19163
19168
19175
19179
19180
19181
19182
19185
19188
19192
19195
19196
19197
19201
19202
19204
19207
19208
19218
19220
19222
19224
19231
19232
19234
19236
19243
19244
19246
19247
19252
19254
19262
19266
19270
19280
19281
19282
19285
19291
19293
19294
19298
19300
19302
19303
19306
19310
19313
19314
19315
19318
19323
19324
19329
19337
19340
19341
19342
19344
19345
19346
19350
19353
19359
19362
19365
19367
19373
19374
19375
19377
19379
19380
19382
19383
19384
19385
19387
19389
19393
19400
19406
19407
19409
19410
19424
19433
19434
19437
19438
19439
19441
19443
19450
19456
19462
19465
19467
19468
19470
19472
19473
19474
19476
19477
19481
19485
19489
19491
19497
19498
19499
19504
19505
19507
19508
19510
19519
19520
19525
19527
19529
19530
19531
19536
19538
19542
19543
19544
19550
19551
19552
19556
19557
19560
19563
19567
19568
19570
19572
19577
19579
19582
19585
19586
19587
19591
19592
19594
19597
19598
19600
19601
19605
19610
19613
19615
19621
19623
19624
19633
19635
19640
19644
19650
19651
19652
19654
19658
19665
19668
19673
19674
19678
19679
19680
19681
19683
19687
19688
19692
19695
19698
19701
19712
19713
19715
19718
19719
19720
19727
19728
19730
19737
19739
19740
19743
19750
19751
19761
19762
19768
19769
19773
19781
19783
19794
19797
19801
19803
19805
19807
19810
19811
19813
19816
19818
19821
19822
19826
19837
19841
19842
19843
19844
19845
19851
19852
19856
19857
19864
19865
19872
19876
19883
19886
19887
19891
19892
19893
19896
19901
19907
19911
19912
19914
19916
19917
19919
19925
19933
19934
19935
19936
19939
19941
19957
19960
19962
19966
19968
19972
19977
19981
19984
19985
19988
19991
19995
19996
19998
20003
20019
20020
20021
20024
20027
20031
20033
20036
20038
20039
20043
20044
20045
20061
20063
20066
20068
20069
20075
20078
20081
20082
20084
20085
20088
20091
20092
20095
20096
20099
20102
20103
20112
20117
20119
20123
20125
20126
20137
20139
20140
20142
20147
20148
20149
20151
20152
20158
20161
20165
20167
20168
20169
20173
20175
20178
20191
20195
20198
20199
20202
20203
20207
20214
20215
20217
20218
20222
20225
20227
20230
20231
20232
20233
20235
20240
20241
20243
20244
20246
20252
20253
20254
20256
20262
20263
20264
20266
20274
20283
20287
20288
20290
20291
20295
20296
20297
20301
20304
20311
20313
20314
20316
20317
20325
20326
20329
20336
20341
20344
20345
20347
20348
20350
20355
20360
20366
20376
20382
20383
20392
20397
20398
20401
20404
20405
20406
20409
20410
20411
20413
20417
20418
20420
20421
20424
20429
20431
20441
20447
20448
20450
20453
20462
20465
20470
20472
20473
20474
20476
20483
20493
20496
20497
20502
20503
20505
20506
20508
20515
20524
20525
20527
20530
20531
20534
20540
20543
20544
20545
20546
20551
20552
20553
20558
20559
20560
20561
20562
20566
20574
20578
20580
20582
20585
20590
20595
20599
20602
20604
20606
20614
20615
20616
20623
20624
20625
20626
20633
20640
20642
20644
20645
20648
20651
20653
20656
20663
20676
20679
20680
20688
20692
20696
20697
20699
20704
20706
20709
20715
20720
20722
20724
20731
20734
20741
20744
20745
20746
20747
20753
20754
20762
20766
20770
20773
20775
20776
20778
20784
20792
20796
20798
20800
20803
20804
20809
20811
20815
20816
20818
20823
20828
20830
20831
20838
20841
20842
20847
20848
20852
20855
20857
20859
20860
20864
20869
20879
20890
20900
20903
20904
20905
20908
20913
20915
20918
20919
20920
20925
20927
20931
20935
20938
20939
20942
20947
20951
20952
20955
20956
20957
20964
20966
20967
20969
20972
20978
20979
20980
20981
20982
20987
20989
20995
20997
21001
21004
21005
21006
21013
21022
21029
21033
21037
21038
21041
21044
21045
21048
21049
21052
21053
21055
21061
21067
21073
21078
21094
21096
21098
21103
21107
21109
21113
21118
21121
21122
21123
21127
21129
21131
21139
21142
21143
21146
21153
21156
21157
21158
21159
21162
21165
21167
21168
21169
21175
21176
21177
21186
21187
21192
21193
21195
21198
21199
21200
21214
21215
21216
21227
21229
21231
21234
21236
21243
21245
21248
21250
21252
21254
21263
21264
21266
21275
21276
21280
21281
21284
21286
21289
21294
21300
21301
21303
21304
21305
21308
21311
21316
21320
21321
21323
21324
21326
21327
21332
21336
21341
21345
21346
21348
21349
21353
21354
21356
21360
21364
21365
21366
21370
21379
21382
21386
21388
21390
21396
21398
21399
21400
21403
21404
21406
21408
21410
21414
21419
21422
21425
21428
21429
21432
21434
21435
21437
21438
21441
21442
21444
21447
21449
21457
21475
21476
21477
21481
21488
21493
21497
21499
21502
21504
21505
21507
21509
21511
21512
21526
21531
21534
21536
21537
21542
21543
21547
21553
21555
21560
21561
21565
21568
21571
21573
21580
21581
21582
21594
21603
21618
21620
21623
21624
21628
21634
21638
21639
21643
21648
21658
21660
21662
21674
21680
21690
21695
21696
21698
21701
21711
21713
21716
21717
21719
21722
21726
21730
21735
21736
21739
21740
21748
21752
21755
21763
21765
21776
21783
21784
21785
21787
21789
21795
21796
21798
21802
21805
21818
21820
21821
21822
21823
21825
21826
21829
21831
21832
21836
21839
21841
21844
21852
21853
21856
21857
21858
21859
21862
21873
21875
21878
21879
21888
21891
21892
21895
21909
21910
21912
21913
21916
21919
21921
21924
21925
21926
21930
21934
21937
21946
21958
21963
21969
21977
21979
21981
21983
21985
21988
21990
21992
21998
22000
22001
22006
22017
22019
22023
22025
22026
22030
22034
22035
22040
22041
22044
22045
22051
22055
22056
22057
22058
22059
22060
22062
22067
22070
22071
22073
22076
22079
22080
22089
22092
22094
22096
22097
22099
22103
22115
22129
22138
22139
22148
22151
22154
22159
22160
22163
22164
22166
22182
22191
22194
22195
22196
22201
22203
22207
22208
22213
22214
22217
22223
22230
22231
22233
22236
22248
22255
22257
22260
22261
22262
22264
22272
22274
22276
22285
22286
22289
22294
22296
22303
22306
22309
22312
22314
22315
22319
22322
22325
22337
22340
22343
22345
22348
22351
22362
22363
22366
22367
22369
22370
22372
22373
22375
22378
22384
22396
22397
22398
22400
22407
22411
22412
22414
22418
22423
22426
22434
22440
22443
22444
22449
22450
22451
22453
22458
22460
22466
22467
22471
22473
22478
22480
22481
22482
22486
22491
22492
22501
22510
22514
22517
22520
22521
22523
22529
22532
22538
22540
22543
22547
22548
22549
22553
22555
22556
22557
22558
22562
22566
22567
22570
22573
22577
22580
22583
22587
22589
22593
22595
22600
22602
22605
22608
22610
22614
22619
22621
22625
22626
22628
22635
22637
22641
22644
22645
22653
22657
22658
22659
22662
22663
22668
22675
22680
22682
22691
22697
22700
22702
22704
22705
22706
22710
22714
22723
22729
22730
22731
22732
22737
22740
22744
22746
22751
22754
22759
22761
22762
22763
22764
22769
22770
22777
22780
22785
22790
22791
22800
22801
22806
22807
22808
22810
22812
22814
22815
22818
22821
22823
22826
22829
22831
22837
22841
22844
22846
22848
22849
22850
22854
22859
22860
22864
22865
22880
22882
22884
22886
22897
22899
22901
22905
22909
22910
22911
22913
22914
22920
22922
22924
22927
22935
22936
22937
22943
22946
22952
22953
22955
22956
22959
22962
22966
22968
22972
22973
22974
22982
22991
22993
22996
23009
23010
23011
23012
23016
23017
23018
23023
23024
23025
23026
23028
23029
23033
23048
23049
23053
23056
23060
23061
23063
23067
23075
23076
23077
23079
23087
23089
23092
23095
23098
23104
23107
23112
23116
23120
23121
23122
23128
23129
23133
23134
23135
23140
23145
23147
23149
23157
23166
23171
23172
23175
23179
23183
23184
23189
23191
23193
23194
23197
23199
23200
23203
23207
23209
23214
23223
23224
23226
23227
23228
23229
23232
23238
23239
23243
23247
23257
23260
23261
23265
23271
23272
23278
23279
23282
23283
23290
23299
23302
23310
23311
23312
23314
23322
23325
23328
23329
23336
23337
23340
23341
23342
23346
23347
23348
23350
23358
23362
23364
23372
23375
23380
23383
23385
23389
23390
23392
23395
23398
23400
23401
23402
23403
23409
23411
23412
23413
23416
23419
23421
23423
23424
23426
23429
23430
23435
23439
23441
23447
23449
23455
23456
23457
23462
23464
23469
23472
23473
23476
23483
23485
23489
23490
23492
23493
23498
23500
23503
23504
23506
23507
23508
23509
23510
23511
23513
23514
23515
23516
23520
23524
23525
23526
23527
23531
23533
23537
23543
23545
23546
23549
23552
23554
23555
23562
23565
23566
23571
23573
23574
23575
23578
23581
23589
23597
23598
23599
23603
23604
23607
23611
23613
23617
23622
23625
23628
23633
23636
23638
23642
23643
23645
23646
23648
23650
23652
23653
23657
23658
23659
23662
23664
23665
23672
23674
23676
23678
23679
23691
23693
23698
23699
23700
23706
23708
23713
23715
23719
23720
23732
23734
23737
23739
23750
23754
23756
23766
23767
23782
23783
23788
23796
23804
23806
23807
23810
23812
23814
23817
23821
23824
23828
23829
23836
23842
23843
23845
23850
23860
23861
23862
23864
23872
23873
23876
23878
23879
23890
23900
23901
23903
23904
23907
23909
23913
23914
23916
23920
23926
23928
23930
23931
23933
23937
23938
23942
23948
23949
23955
23958
23962
23965
23968
23971
23975
23989
23992
23997
24003
24004
24010
24013
24023
24030
24031
24032
24034
24040
24048
24050
24053
24054
24057
24060
24061
24065
24067
24074
24075
24076
24096
24099
24101
24103
24104
24106
24107
24109
24112
24116
24117
24131
24134
24136
24137
24139
24146
24148
24151
24153
24156
24159
24166
24176
24177
24181
24184
24189
24190
24199
24200
24209
24216
24218
24221
24229
24234
24239
24246
24247
24250
24252
24256
24257
24259
24260
24263
24265
24267
24272
24273
24274
24277
24278
24281
24284
24291
24294
24302
24303
24304
24305
24306
24308
24313
24322
24323
24325
24334
24343
24345
24346
24350
24351
24352
24354
24360
24366
24368
24369
24372
24374
24377
24378
24382
24384
24386
24394
24395
24396
24397
24398
24400
24402
24405
24417
24425
24433
24436
24438
24439
24441
24442
24444
24446
24449
24456
24459
24460
24467
24477
24482
24484
24489
24492
24494
24508
24511
24519
24522
24523
24525
24529
24530
24531
24536
24540
24543
24551
24552
24554
24558
24559
24560
24563
24573
24581
24587
24592
24595
24598
24600
24608
24611
24613
24616
24620
24621
24622
24624
24626
24631
24634
24636
24639
24640
24644
24650
24654
24666
24672
24674
24676
24678
24682
24684
24685
24686
24687
24690
24692
24694
24698
24703
24705
24706
24713
24722
24723
24729
24733
24740
24741
24742
24744
24745
24746
24750
24751
24752
24758
24768
24770
24772
24774
24777
24779
24781
24782
24785
24790
24794
24795
24796
24802
24804
24807
24812
24817
24818
24823
24826
24830
24831
24836
24837
24842
24843
24845
24849
24862
24864
24872
24874
24877
24884
24885
24890
24895
24899
24904
24915
24916
24918
24921
24922
24924
24925
24928
24935
24941
24946
24950
24953
24954
24956
24959
24960
24963
24968
24969
24970
24971
24972
24974
24975
24976
24985
24989
25005
25010
25012
25013
25016
25018
25021
25022
25028
25033
25039
25041
25042
25043
25047
25053
25054
25055
25065
25066
25067
25070
25077
25081
25083
25084
25085
25091
25092
25102
25112
25116
25118
25121
25123
25126
25128
25132
25135
25142
25143
25149
25150
25152
25154
25155
25156
25157
25159
25162
25164
25166
25167
25175
25182
25184
25189
25191
25201
25203
25205
25210
25213
25220
25221
25230
25234
25236
25242
25243
25247
25251
25254
25257
25258
25259
25263
25264
25266
25269
25272
25273
25274
25276
25278
25279
25283
25287
25288
25291
25292
25293
25295
25296
25303
25312
25316
25319
25322
25323
25325
25337
25339
25342
25343
25349
25351
25354
25356
25357
25361
25362
25363
25365
25370
25372
25379
25380
25384
25394
25399
25402
25404
25405
25406
25407
25413
25419
25423
25424
25426
25432
25434
25435
25436
25437
25439
25440
25444
25451
25452
25459
25462
25463
25464
25466
25470
25473
25474
25476
25477
25480
25481
25482
25486
25489
25490
25491
25492
25495
25499
25507
25509
25511
25515
25516
25518
25530
25536
25542
25546
25560
25562
25564
25566
25569
25572
25573
25575
25578
25579
25580
25581
25585
25586
25589
25590
25593
25595
25600
25601
25604
25605
25607
25609
25612
25613
25617
25618
25619
25620
25623
25626
25631
25633
25634
25639
25643
25645
25650
25651
25652
25660
25661
25663
25664
25666
25672
25674
25677
25680
25681
25686
25690
25698
25699
25700
25702
25709
25712
25713
25720
25721
25723
25727
25731
25738
25740
25748
25753
25754
25756
25762
25765
25768
25773
25775
25777
25784
25787
25788
25791
25792
25798
25802
25804
25805
25807
25808
25809
25814
25815
25822
25823
25827
25829
25831
25834
25840
25842
25844
25847
25856
25857
25859
25861
25862
25868
25875
25876
25882
25884
25887
25898
25901
25905
25910
25913
25920
25921
25928
25930
25933
25935
25936
25937
25939
25944
25948
25949
25954
25959
25963
25966
25971
25977
25979
25981
25982
25984
25996
25997
26001
26002
26007
26008
26010
26011
26013
26016
26017
26018
26020
26023
26028
26033
26034
26037
26038
26039
26041
26043
26044
26045
26046
26050
26053
26057
26058
26059
26061
26062
26065
26066
26067
26073
26077
26079
26080
26084
26086
26091
26093
26096
26098
26099
26100
26102
26104
26108
26113
26114
26115
26116
26117
26118
26119
26121
26124
26126
26127
26130
26131
26135
26136
26139
26142
26148
26152
26155
26164
26165
26166
26170
26176
26181
26183
26187
26188
26190
26193
26194
26196
26198
26202
26205
26207
26211
26214
26216
26217
26220
26224
26225
26228
26231
26232
26233
26235
26238
26245
26246
26254
26255
26258
26260
26264
26265
26268
26271
26272
26274
26284
26293
26294
26297
26306
26320
26324
26325
26326
26332
26333
26342
26343
26344
26348
26351
26353
26357
26359
26361
26362
26363
26364
26365
26366
26368
26370
26371
26375
26380
26388
26389
26400
26401
26403
26404
26405
26406
26417
26427
26428
26439
26441
26443
26445
26448
26449
26454
26456
26465
26470
26474
26475
26477
26488
26489
26492
26494
26500
26502
26507
26511
26516
26520
26527
26533
26535
26536
26538
26540
26541
26545
26547
26553
26564
26571
26573
26575
26576
26579
26580
26582
26584
26585
26586
26589
26596
26607
26614
26615
26616
26620
26623
26624
26627
26629
26630
26631
26633
26635
26640
26641
26644
26645
26646
26647
26649
26652
26653
26657
26659
26665
26666
26669
26675
26677
26678
26683
26690
26693
26696
26699
26700
26705
26708
26711
26713
26714
26716
26717
26718
26726
26731
26736
26742
26744
26747
26752
26757
26758
26760
26761
26764
26766
26768
26774
26783
26787
26789
26799
26801
26802
26806
26811
26818
26823
26836
26837
26839
26841
26852
26854
26855
26856
26857
26861
26867
26868
26869
26872
26874
26876
26879
26881
26882
26887
26894
26899
26900
26904
26906
26908
26915
26916
26918
26920
26927
26928
26930
26950
26951
26957
26960
26967
26969
26971
26974
26977
26978
26979
26980
26983
26985
26987
26990
26994
26995
27000
27005
27009
27025
27026
27029
27032
27034
27051
27055
27056
27057
27058
27059
27060
27062
27066
27067
27075
27079
27084
27090
27095
27096
27097
27108
27110
27111
27112
27113
27117
27121
27123
27124
27125
27131
27135
27136
27141
27142
27147
27150
27156
27157
27159
27168
27170
27172
27176
27184
27187
27188
27189
27191
27193
27224
27227
27228
27233
27235
27245
27247
27249
27253
27255
27257
27260
27262
27268
27270
27282
27291
27300
27304
27306
27309
27310
27314
27315
27316
27320
27323
27324
27326
27330
27331
27338
27339
27347
27351
27352
27353
27357
27359
27360
27366
27367
27368
27371
27373
27375
27376
27379
27382
27383
27388
27394
27395
27399
27402
27405
27406
27416
27417
27418
27420
27422
27424
27426
27434
27435
27440
27443
27451
27452
27462
27467
27469
27472
27474
27478
27480
27483
27486
27488
27495
27498
27503
27512
27514
27516
27525
27526
27529
27532
27533
27539
27541
27545
27546
27547
27560
27561
27566
27567
27571
27573
27576
27578
27582
27583
27586
27588
27589
27591
27593
27595
27597
27603
27604
27609
27610
27615
27616
27621
27622
27624
27627
27628
27632
27642
27647
27653
27655
27657
27660
27661
27666
27667
27675
27676
27677
27686
27690
27691
27692
27693
27695
27706
27715
27720
27722
27723
27726
27727
27729
27730
27733
27734
27739
27741
27747
27748
27752
27754
27756
27758
27759
27760
27764
27771
27774
27780
27781
27784
27785
27789
27801
27802
27804
27807
27813
27814
27819
27824
27827
27829
27830
27833
27834
27839
27841
27842
27844
27848
27852
27859
27860
27865
27868
27870
27875
27876
27877
27878
27879
27880
27882
27883
27884
27885
27889
27890
27891
27898
27899
27900
27903
27915
27919
27932
27933
27938
27941
27946
27947
27948
27949
27951
27952
27954
27955
27960
27963
27967
27970
27972
27981
27985
27994
27995
27996
27997
28004
28005
28008
28009
28015
28022
28024
28025
28026
28029
28033
28038
28043
28050
28053
28057
28064
28065
28066
28068
28070
28089
28090
28092
28094
28097
28108
28109
28112
28117
28118
28121
28124
28132
28135
28136
28138
28140
28143
28146
28150
28156
28158
28171
28172
28173
28174
28177
28181
28182
28184
28185
28186
28196
28201
28205
28207
28210
28213
28214
28215
28217
28218
28222
28232
28234
28235
28236
28238
28240
28243
28247
28250
28251
28252
28254
28255
28257
28263
28265
28269
28270
28271
28273
28275
28281
28284
28293
28295
28296
28300
28301
28313
28320
28321
28322
28323
28324
28326
28328
28329
28336
28343
28347
28350
28353
28355
28357
28359
28363
28368
28369
28376
28377
28379
28381
28382
28384
28385
28388
28390
28391
28396
28400
28403
28404
28411
28413
28420
28421
28424
28428
28434
28435
28437
28438
28439
28442
28450
28452
28456
28461
28462
28464
28472
28473
28475
28478
28482
28483
28485
28486
28490
28492
28494
28500
28504
28507
28510
28511
28512
28513
28517
28523
28525
28530
28531
28532
28533
28535
28543
28545
28548
28552
28559
28560
28561
28562
28565
28568
28575
28577
28578
28579
28580
28591
28593
28596
28597
28599
28601
28605
28606
28609
28611
28614
28616
28618
28624
28627
28629
28634
28636
28637
28638
28639
28640
28643
28646
28648
28652
28654
28660
28663
28666
28669
28672
28676
28684
28685
28687
28688
28689
28697
28699
28701
28702
28706
28709
28710
28711
28713
28715
28717
28723
28730
28732
28733
28741
28742
28744
28745
28748
28752
28753
28754
28756
28758
28762
28768
28777
28779
28783
28785
28790
28791
28792
28798
28802
28808
28811
28817
28818
28824
28828
28836
28841
28843
28845
28849
28860
28862
28869
28870
28872
28873
28874
28886
28892
28901
28903
28905
28907
28909
28911
28915
28916
28918
28919
28920
28928
28933
28934
28937
28951
28957
28958
28961
28966
28973
28975
28976
28981
28982
28983
29004
29005
29007
29008
29010
29013
29018
29023
29025
29026
29032
29039
29043
29047
29048
29051
29054
29055
29056
29057
29059
29061
29069
29072
29073
29074
29076
29079
29081
29092
29096
29101
29103
29104
29107
29109
29113
29114
29115
29118
29122
29127
29134
29135
29136
29138
29145
29146
29149
29150
29151
29152
29153
29159
29161
29163
29170
29172
29175
29179
29180
29181
29186
29188
29192
29193
29194
29197
29198
29201
29203
29207
29211
29217
29219
29223
29224
29232
29233
29238
29240
29241
29252
29257
29259
29260
29263
29265
29267
29271
29273
29274
29280
29286
29288
29293
29294
29296
29298
29299
29307
29310
29312
29322
29324
29327
29328
29335
29340
29346
29351
29354
29359
29366
29371
29372
29379
29381
29386
29389
29395
29398
29399
29409
29411
29415
29416
29417
29418
29423
29425
29426
29427
29429
29438
29442
29443
29444
29445
29449
29455
29457
29458
29461
29464
29465
29471
29474
29475
29478
29480
29482
29483
29484
29489
29490
29491
29496
29500
29502
29503
29504
29507
29510
29511
29518
29525
29527
29528
29531
29532
29533
29535
29539
29545
29550
29552
29553
29554
29556
29562
29564
29565
29567
29569
29570
29572
29574
29577
29580
29586
29589
29595
29598
29600
29606
29612
29614
29616
29624
29626
29638
29640
29645
29647
29652
29655
29668
29670
29672
29675
29680
29681
29684
29690
29697
29698
29700
29711
29715
29721
29722
29726
29729
29731
29732
29745
29753
29758
29765
29767
29769
29772
29775
29777
29778
29779
29781
29782
29783
29791
29792
29795
29796
29799
29800
29801
29808
29810
29815
29818
29819
29820
29823
29827
29829
29830
29832
29834
29838
29839
29842
29848
29849
29850
29851
29855
29858
29863
29865
29868
29872
29875
29877
29879
29881
29885
29886
29889
29892
29894
29897
29898
29905
29906
29909
29914
29915
29918
29924
29926
29927
29931
29934
29935
29936
29943
29944
29946
29947
29949
29955
29957
29958
29960
29961
29965
29972
29976
29978
29982
29983
29984
29989
29994
29995
29996
29999
30001
30016
30019
30025
30027
30028
30029
30034
30035
30036
30037
30038
30039
30040
30044
30062
30067
30072
30077
30080
30083
30085
30086
30090
30091
30092
30094
30097
30101
30110
30115
30126
30135
30138
30139
30143
30145
30146
30150
30151
30158
30167
30171
30172
30175
30178
30180
30181
30183
30184
30188
30191
30195
30196
30199
30202
30203
30204
30205
30210
30214
30216
30217
30220
30222
30227
30230
30233
30239
30240
30243
30248
30252
30254
30255
30259
30264
30266
30276
30277
30278
30286
30287
30290
30297
30301
30303
30307
30308
30310
30311
30312
30316
30318
30319
30320
30326
30328
30338
30347
30349
30350
30352
30353
30358
30360
30362
30364
30366
30369
30370
30372
30374
30376
30378
30379
30380
30383
30386
30396
30397
30411
30413
30419
30421
30428
30431
30433
30434
30435
30436
30440
30441
30442
30450
30459
30462
30463
30469
30475
30484
30485
30486
30487
30490
30493
30494
30496
30500
30503
30508
30509
30514
30517
30521
30522
30524
30530
30532
30533
30535
30536
30539
30540
30545
30546
30547
30548
30551
30555
30557
30559
30560
30563
30567
30574
30575
30576
30581
30584
30588
30593
30596
30599
30601
30603
30604
30613
30615
30618
30619
30621
30624
30630
30633
30634
30638
30639
30646
30650
30651
30654
30656
30657
30661
30666
30669
30670
30671
30674
30676
30682
30683
30686
30688
30691
30703
30704
30710
30713
30714
30719
30720
30721
30723
30724
30730
30731
30733
30735
30740
30750
30754
30756
30757
30758
30759
30762
30769
30771
30772
30773
30775
30776
30787
30788
30790
30791
30793
30802
30805
30806
30807
30810
30811
30812
30813
30818
30821
30829
30833
30834
30851
30856
30865
30867
30868
30869
30873
30874
30876
30878
30892
30895
30897
30898
30899
30900
30904
30906
30912
30913
30919
30931
30933
30934
30941
30943
30948
30951
30953
30958
30959
30961
30962
30964
30965
30966
30980
30981
30983
30985
30992
30993
30994
30998
31007
31008
31017
31018
31020
31021
31022
31023
31028
31033
31037
31039
31042
31043
31044
31045
31047
31049
31053
31054
31055
31060
31064
31068
31069
31072
31074
31078
31082
31084
31095
31096
31097
31098
31101
31106
31111
31113
31114
31115
31116
31120
31128
31132
31134
31135
31136
31138
31139
31141
31145
31157
31166
31168
31169
31172
31176
31187
31189
31190
31192
31193
31196
31202
31205
31207
31208
31211
31219
31221
31225
31229
31230
31242
31245
31246
31250
31254
31263
31265
31267
31270
31273
31274
31276
31277
31281
31282
31285
31294
31306
31314
31315
31323
31325
31329
31330
31331
31336
31337
31338
31339
31342
31343
31347
31351
31356
31358
31360
31368
31374
31375
31376
31378
31385
31387
31388
31390
31393
31396
31407
31418
31428
31429
31432
31437
31440
31442
31443
31447
31449
31451
31453
31455
31457
31463
31465
31467
31468
31477
31478
31484
31486
31487
31490
31493
31494
31501
31510
31515
31522
31525
31529
31534
31538
31539
31541
31546
31551
31554
31557
31561
31562
31564
31569
31572
31574
31588
31590
31599
31604
31607
31608
31609
31611
31613
31615
31618
31623
31628
31634
31646
31647
31652
31653
31655
31656
31659
31663
31667
31679
31686
31687
31690
31697
31702
31703
31708
31711
31712
31713
31716
31718
31720
31723
31724
31725
31729
31732
31734
31737
31741
31750
31754
31756
31757
31760
31766
31767
31768
31769
31775
31776
31777
31778
31779
31781
31782
31785
31788
31790
31791
31792
31793
31795
31798
31804
31806
31807
31815
31816
31817
31819
31821
31822
31824
31826
31828
31830
31832
31833
31836
31839
31840
31842
31846
31847
31848
31850
31851
31853
31854
31856
31859
31861
31865
31869
31872
31877
31878
31881
31886
31901
31903
31905
31910
31911
31912
31913
31914
31918
31921
31924
31925
31932
31934
31936
31939
31940
31942
31943
31945
31948
31952
31955
31957
31959
31962
31963
31964
31966
31969
31973
31975
31983
31985
31987
31990
31991
31994
31996
32001
32004
32005
32007
32008
32014
32016
32018
32032
32040
32041
32042
32050
32054
32055
32056
32063
32066
32080
32083
32089
32099
32102
32107
32108
32109
32111
32118
32120
32123
32126
32132
32138
32140
32143
32146
32148
32151
32153
32161
32162
32163
32167
32182
32186
32188
32193
32197
32203
32204
32205
32207
32208
32213
32217
32221
32223
32232
32233
32237
32242
32246
32248
32249
32251
32253
32255
32259
32264
32265
32270
32276
32277
32281
32282
32284
32285
32290
32291
32294
32295
32296
32298
32302
32303
32305
32308
32309
32311
32313
32315
32316
32319
32322
32323
32328
32335
32340
32341
32344
32345
32347
32349
32351
32352
32353
32360
32361
32363
32366
32369
32371
32374
32383
32385
32387
32388
32392
32401
32402
32406
32407
32414
32417
32419
32425
32426
32429
32432
32434
32441
32442
32447
32464
32466
32485
32486
32489
32491
32492
32493
32494
32502
32503
32507
32520
32523
32527
32533
32536
32539
32540
32545
32548
32551
32554
32562
32564
32565
32569
32570
32572
32576
32577
32578
32589
32591
32594
32599
32605
32608
32610
32612
32613
32614
32626
32627
32630
32631
32635
32638
32641
32642
32643
32647
32652
32654
32655
32664
32670
32672
32673
32675
32684
32686
32687
32690
32691
32695
32699
32701
32703
32704
32706
32707
32710
32711
32714
32718
32720
32721
32722
32725
32729
32733
32734
32738
32750
32755
32756
32757
32760
32762
32773
32774
32775
32779
32782
32784
32788
32789
32791
32792
32795
32800
32802
32810
32813
32814
32816
32822
32823
32825
32829
32830
32836
32843
32846
32856
32862
32864
32867
32868
32871
32873
32875
32877
32879
32880
32884
32889
32894
32897
32901
32903
32909
32911
32913
32917
32920
32921
32922
32927
32928
32929
32938
32959
32967
32970
32971
32973
32975
32983
32985
32989
32994
32998
32999
33001
33015
33017
33022
33023
33030
33031
33033
33034
33040
33043
33045
33048
33049
33056
33057
33059
33061
33064
33068
33069
33079
33083
33089
33091
33102
33109
33110
33119
33120
33123
33125
33132
33133
33134
33135
33138
33139
33141
33149
33153
33160
33161
33164
33166
33170
33181
33188
33189
33190
33196
33197
33199
33203
33206
33208
33209
33212
33214
33216
33218
33220
33221
33223
33224
33225
33226
33234
33236
33240
33242
33243
33247
33250
33252
33253
33260
33262
33264
33271
33272
33276
33277
33283
33286
33288
33289
33290
33291
33295
33297
33301
33304
33306
33310
33312
33316
33319
33320
33323
33325
33326
33327
33329
33331
33335
33336
33340
33344
33348
33349
33351
33355
33357
33364
33365
33369
33371
33372
33374
33378
33382
33383
33387
33392
33403
33408
33413
33417
33420
33422
33423
33426
33434
33438
33440
33442
33444
33448
33450
33459
33463
33466
33470
33473
33475
33476
33481
33488
33497
33503
33507
33508
33511
33513
33514
33522
33523
33524
33527
33531
33532
33538
33541
33543
33545
33552
33554
33555
33559
33560
33561
33573
33574
33576
33578
33579
33580
33582
33590
33592
33593
33594
33607
33611
33614
33621
33622
33623
33633
33636
33642
33648
33649
33652
33653
33654
33658
33659
33661
33664
33665
33667
33671
33672
33674
33675
33677
33680
33681
33686
33693
33701
33704
33705
33707
33712
33713
33716
33718
33720
33725
33726
33727
33731
33735
33739
33740
33741
33742
33743
33748
33749
33753
33764
33768
33770
33772
33775
33777
33778
33781
33782
33789
33794
33798
33802
33804
33805
33806
33807
33811
33814
33815
33821
33823
33826
33830
33832
33834
33836
33841
33854
33855
33860
33863
33867
33868
33869
33872
33874
33878
33886
33887
33892
33903
33904
33906
33909
33910
33913
33922
33924
33930
33933
33936
33938
33939
33940
33944
33946
33951
33952
33954
33959
33960
33961
33962
33971
33972
33973
33975
33978
33984
33992
33997
33999
34005
34008
34010
34011
34020
34027
34029
34030
34031
34032
34033
34034
34038
34039
34040
34043
34044
34045
34046
34048
34050
34053
34054
34056
34062
34064
34067
34078
34079
34085
34086
34087
34089
34091
34094
34096
34099
34106
34107
34111
34116
34119
34120
34123
34127
34129
34131
34132
34133
34137
34138
34141
34148
34150
34151
34154
34156
34162
34166
34170
34172
34173
34175
34176
34177
34178
34180
34183
34185
34186
34187
34192
34195
34200
34204
34205
34208
34210
34214
34216
34217
34218
34224
34228
34231
34233
34238
34242
34245
34252
34258
34260
34270
34271
34281
34283
34288
34289
34293
34304
34307
34309
34312
34315
34316
34317
34319
34322
34323
34324
34325
34329
34330
34335
34340
34341
34342
34344
34347
34353
34354
34355
34359
34361
34362
34363
34365
34368
34369
34371
34382
34384
34387
34388
34389
34391
34394
34396
34399
34400
34402
34407
34410
34419
34420
34428
34433
34442
34443
34445
34449
34451
34453
34465
34470
34474
34481
34482
34491
34492
34497
34498
34503
34504
34506
34508
34516
34517
34519
34523
34529
34535
34540
34546
34548
34550
34555
34557
34566
34570
34572
34581
34589
34593
34594
34597
34599
34603
34604
34605
34611
34617
34620
34621
34624
34630
34632
34635
34639
34640
34642
34647
34649
34650
34651
34657
34659
34660
34668
34669
34673
34675
34681
34687
34688
34689
34694
34702
34705
34707
34710
34714
34715
34724
34731
34732
34736
34743
34744
34745
34746
34749
34752
34753
34755
34758
34760
34761
34764
34767
34773
34777
34778
34779
34784
34785
34786
34804
34812
34819
34825
34831
34835
34837
34844
34853
34857
34858
34861
34863
34864
34869
34871
34872
34875
34880
34881
34888
34889
34890
34899
34900
34908
34909
34910
34912
34914
34916
34919
34923
34925
34927
34934
34939
34940
34943
34951
34956
34959
34963
34964
34966
34972
34973
34975
34982
34989
34990
34991
34992
34993
35006
35011
35013
35014
35022
35025
35026
35032
35037
35040
35044
35048
35053
35062
35065
35067
35083
35088
35089
35090
35093
35095
35098
35102
35107
35111
35112
35117
35121
35131
35132
35134
35136
35137
35141
35143
35144
35145
35150
35152
35158
35159
35160
35161
35171
35173
35178
35181
35184
35187
35190
35194
35196
35198
35200
35203
35206
35207
35210
35211
35215
35217
35223
35224
35228
35230
35232
35235
35237
35238
35242
35244
35246
35247
35251
35261
35263
35266
35269
35271
35277
35280
35281
35288
35290
35291
35292
35293
35294
35297
35298
35299
35301
35302
35304
35308
35310
35312
35315
35316
35326
35327
35329
35331
35339
35340
35343
35344
35346
35349
35354
35355
35360
35362
35364
35376
35386
35387
35390
35393
35395
35397
35398
35403
35406
35410
35416
35417
35421
35432
35433
35434
35439
35441
35442
35443
35445
35449
35450
35451
35457
35471
35472
35473
35476
35486
35489
35493
35494
35501
35506
35508
35510
35513
35515
35517
35518
35521
35524
35528
35529
35533
35540
35544
35549
35552
35553
35554
35556
35560
35572
35576
35578
35580
35582
35585
35587
35588
35589
35590
35593
35594
35604
35608
35613
35614
35616
35618
35619
35621
35622
35623
35630
35631
35634
35640
35644
35648
35655
35657
35658
35664
35669
35673
35677
35680
35683
35684
35686
35687
35698
35701
35702
35704
35707
35711
35714
35715
35719
35720
35724
35725
35727
35730
35736
35738
35743
35746
35748
35751
35752
35759
35764
35765
35767
35768
35774
35777
35780
35790
35791
35794
35797
35798
35799
35800
35801
35803
35805
35812
35818
35832
35833
35834
35836
35838
35839
35842
35844
35847
35849
35856
35860
35862
35863
35864
35869
35870
35872
35873
35880
35882
35883
35884
35892
35894
35897
35899
35900
35902
35904
35911
35912
35935
35937
35938
35939
35943
35952
35955
35959
35962
35965
35976
35979
35983
35987
35989
35990
35991
35995
36008
36009
36010
36014
36015
36016
36017
36021
36023
36025
36031
36034
36035
36040
36041
36043
36044
36045
36050
36053
36055
36057
36060
36068
36069
36073
36075
36076
36082
36087
36091
36098
36101
36102
36104
36106
36107
36111
36112
36113
36116
36122
36125
36128
36129
36136
36137
36139
36142
36147
36149
36154
36155
36156
36157
36159
36162
36164
36165
36166
36168
36169
36170
36184
36186
36187
36192
36193
36196
36197
36198
36199
36200
36203
36207
36208
36213
36216
36217
36225
36227
36228
36232
36240
36242
36247
36259
36264
36265
36267
36272
36278
36281
36287
36294
36295
36298
36299
36300
36301
36303
36305
36306
36311
36314
36315
36320
36323
36331
36337
36341
36348
36350
36356
36359
36360
36362
36364
36366
36380
36381
36382
36384
36387
36388
36390
36395
36397
36403
36406
36410
36417
36418
36423
36428
36431
36432
36438
36443
36450
36451
36453
36457
36458
36462
36466
36468
36471
36473
36474
36478
36480
36483
36484
36485
36486
36490
36494
36495
36497
36501
36502
36505
36510
36512
36513
36515
36518
36523
36526
36527
36529
36530
36532
36533
36534
36541
36542
36545
36546
36547
36554
36559
36560
36561
36562
36563
36567
36570
36572
36574
36578
36583
36584
36585
36587
36593
36594
36597
36599
36601
36606
36610
36611
36612
36614
36615
36616
36619
36622
36623
36625
36628
36631
36636
36637
36638
36640
36644
36647
36651
36653
36655
36659
36663
36666
36667
36669
36671
36674
36675
36676
36677
36679
36684
36688
36692
36703
36705
36707
36710
36714
36717
36718
36724
36730
36732
36737
36740
36745
36747
36751
36755
36756
36760
36762
36763
36764
36766
36770
36771
36772
36773
36775
36781
36782
36783
36788
36796
36800
36801
36802
36804
36808
36812
36815
36816
36817
36820
36822
36827
36829
36836
36840
36844
36845
36849
36852
36854
36856
36857
36866
36871
36876
36879
36881
36882
36883
36884
36887
36890
36894
36897
36898
36900
36904
36905
36908
36910
36913
36917
36920
36923
36925
36928
36932
36934
36936
36941
36943
36948
36949
36953
36956
36959
36966
36969
36972
36973
36974
36979
36981
36982
36985
36986
36990
36994
36997
36998
