3
5
10
12
15
16
23
28
32
40
46
47
49
50
54
55
64
65
66
67
68
70
73
75
88
89
93
97
101
104
106
108
110
113
117
118
121
133
135
137
139
153
157
162
166
174
175
176
177
179
182
183
185
187
188
191
193
196
199
201
202
211
212
213
217
218
225
226
231
232
233
234
235
237
238
247
252
254
262
263
265
266
271
277
278
282
285
286
291
292
300
301
304
316
317
318
324
330
332
333
337
338
341
347
351
353
354
355
359
374
380
384
385
390
394
397
400
401
403
406
407
412
415
418
419
420
421
425
426
430
440
447
451
454
457
458
466
467
469
473
475
485
489
493
494
502
505
511
515
517
520
523
525
526
530
534
535
542
544
545
548
549
555
559
561
562
565
566
570
572
575
586
587
594
595
596
600
601
602
609
618
619
629
631
632
635
641
644
646
647
648
656
657
659
660
664
667
670
675
678
685
689
690
692
693
695
699
703
706
714
716
717
719
725
726
727
728
732
736
737
739
743
746
749
754
758
762
764
765
766
767
771
775
779
781
787
791
792
793
800
802
804
805
807
808
815
816
818
826
833
834
836
846
849
851
853
858
861
863
871
879
880
882
884
885
888
890
895
898
902
904
908
909
912
913
917
920
921
923
926
927
929
934
935
936
944
946
948
951
953
955
957
958
960
963
966
969
971
973
974
978
982
987
993
996
999
1000
1003
1007
1010
1015
1016
1018
1019
1022
1035
1037
1039
1040
1043
1045
1046
1050
1057
1058
1060
1063
1065
1071
1077
1081
1082
1083
1084
1087
1096
1097
1099
1108
1109
1113
1118
1121
1122
1124
1127
1128
1129
1135
1141
1150
1160
1165
1168
1170
1172
1175
1178
1182
1184
1191
1194
1196
1200
1206
1208
1211
1213
1219
1220
1223
1227
1233
1235
1239
1241
1243
1247
1251
1252
1257
1258
1266
1267
1268
1270
1272
1277
1280
1282
1285
1290
1291
1299
1301
1302
1304
1308
1314
1315
1317
1318
1324
1326
1328
1333
1337
1339
1343
1346
1348
1349
1357
1358
1363
1364
1365
1370
1371
1372
1375
1384
1385
1388
1389
1394
1396
1399
1405
1408
1410
1418
1424
1425
1428
1431
1434
1437
1438
1445
1447
1448
1450
1451
1453
1458
1463
1468
1469
1471
1474
1475
1481
1487
1490
1491
1493
1500
1508
1514
1516
1520
1522
1527
1533
1538
1539
1542
1544
1545
1546
1547
1549
1550
1552
1555
1556
1557
1561
1566
1569
1574
1575
1581
1582
1586
1587
1591
1592
1593
1595
1596
1600
1601
1602
1613
1615
1625
1628
1630
1631
1634
1635
1638
1639
1640
1642
1644
1647
1648
1649
1655
1658
1662
1664
1667
1674
1678
1683
1686
1687
1690
1691
1703
1704
1705
1708
1718
1723
1725
1726
1728
1730
1732
1733
1736
1738
1741
1745
1747
1750
1755
1757
1761
1763
1764
1765
1774
1779
1787
1796
1797
1798
1800
1804
1810
1812
1813
1815
1816
1817
1823
1841
1844
1847
1849
1850
1853
1855
1863
1864
1865
1869
1871
1874
1875
1877
1880
1882
1886
1892
1898
1902
1905
1907
1910
1912
1913
1914
1915
1917
1920
1922
1926
1928
1932
1934
1935
1936
1944
1945
1949
1954
1955
1964
1965
1968
1973
1980
1982
1984
1987
1992
2003
2007
2008
2012
2017
2020
2021
2024
2029
2031
2037
2038
2040
2041
2052
2056
2065
2067
2068
2071
2072
2075
2076
2078
2080
2084
2088
2090
2099
2103
2105
2106
2107
2108
2109
2112
2113
2117
2122
2129
2131
2139
2140
2145
2153
2154
2156
2157
2159
2166
2167
2168
2170
2177
2184
2187
2189
2190
2192
2196
2200
2202
2203
2205
2209
2211
2212
2213
2220
2223
2225
2227
2232
2241
2245
2252
2255
2258
2259
2263
2267
2278
2280
2287
2288
2289
2290
2291
2294
2296
2297
2300
2311
2313
2316
2317
2319
2321
2328
2329
2330
2336
2340
2341
2342
2347
2348
2350
2351
2354
2368
2369
2380
2386
2391
2397
2402
2405
2406
2407
2409
2412
2413
2415
2416
2417
2418
2420
2426
2440
2444
2447
2450
2453
2456
2458
2460
2466
2467
2471
2472
2474
2475
2476
2477
2480
2485
2488
2489
2491
2492
2496
2499
2512
2523
2524
2526
2527
2533
2534
2536
2539
2542
2543
2546
2551
2561
2562
2565
2568
2571
2572
2573
2576
2579
2587
2589
2590
2597
2603
2609
2616
2617
2618
2621
2622
2638
2640
2651
2654
2670
2673
2675
2677
2680
2684
2686
2687
2692
2696
2701
2702
2707
2708
2712
2714
2716
2718
2721
2723
2724
2726
2728
2732
2733
2734
2742
2744
2745
2748
2751
2752
2759
2768
2772
2774
2784
2793
2794
2799
2806
2807
2809
2812
2819
2830
2836
2851
2854
2856
2857
2859
2864
2865
2869
2875
2878
2879
2880
2883
2894
2895
2896
2899
2904
2912
2915
2925
2926
2932
2937
2938
2939
2941
2946
2949
2954
2956
2968
2974
2982
2985
2986
2991
2993
2994
2996
2998
2999
3002
3012
3013
3015
3022
3026
3030
3034
3035
3036
3039
3047
3056
3058
3059
3063
3068
3070
3072
3073
3090
3097
3098
3101
3102
3109
3111
3112
3116
3119
3121
3130
3132
3133
3134
3137
3143
3146
3147
3148
3151
3161
3162
3164
3169
3171
3172
3174
3175
3179
3180
3182
3183
3184
3185
3189
3190
3191
3197
3198
3201
3202
3206
3210
3214
3216
3217
3221
3223
3226
3235
3238
3240
3245
3246
3250
3258
3260
3261
3262
3264
3271
3275
3276
3281
3282
3284
3286
3292
3298
3299
3302
3303
3308
3309
3313
3318
3320
3326
3327
3330
3331
3340
3346
3347
3352
3356
3363
3365
3369
3373
3377
3382
3388
3389
3391
3392
3396
3402
3407
3412
3419
3421
3431
3432
3434
3435
3437
3439
3444
3446
3451
3457
3458
3466
3468
3470
3471
3475
3476
3480
3484
3489
3492
3493
3495
3499
3502
3503
3505
3507
3513
3515
3520
3521
3522
3527
3528
3529
3531
3538
3542
3550
3555
3556
3559
3561
3568
3570
3571
3572
3578
3579
3583
3589
3594
3596
3599
3600
3603
3604
3611
3614
3617
3618
3619
3621
3627
3628
3630
3634
3640
3652
3660
3663
3664
3665
3668
3669
3671
3673
3676
3680
3683
3694
3697
3702
3703
3707
3712
3716
3719
3723
3725
3726
3730
3733
3734
3735
3747
3757
3758
3761
3764
3765
3769
3773
3775
3777
3781
3782
3783
3794
3797
3801
3802
3803
3804
3810
3812
3819
3822
3823
3824
3825
3826
3838
3845
3850
3856
3861
3863
3865
3867
3871
3872
3875
3884
3889
3891
3892
3893
3906
3913
3921
3922
3925
3927
3932
3933
3936
3937
3941
3943
3944
3948
3949
3952
3954
3955
3959
3960
3961
3962
3965
3968
3970
3973
3974
3977
3978
3980
3985
3986
3996
3999
4002
4003
4004
4005
4015
4017
4022
4025
4028
4031
4033
4037
4039
4040
4043
4047
4049
4050
4052
4055
4067
4074
4078
4085
4086
4091
4094
4096
4100
4101
4104
4105
4106
4110
4120
4123
4125
4127
4130
4137
4139
4144
4148
4155
4156
4160
4165
4173
4174
4177
4178
4188
4189
4195
4196
4198
4200
4201
4202
4203
4204
4207
4209
4212
4214
4216
4218
4220
4222
4228
4230
4231
4233
4235
4242
4244
4246
4248
4253
4257
4260
4267
4268
4270
4271
4273
4274
4275
4276
4283
4284
4286
4287
4291
4294
4295
4297
4300
4305
4306
4307
4308
4310
4311
4313
4314
4317
4320
4328
4329
4331
4334
4339
4341
4346
4348
4352
4355
4360
4364
4365
4370
4373
4377
4379
4380
4386
4387
4391
4393
4398
4410
4416
4418
4420
4423
4424
4425
4428
4429
4431
4450
4451
4454
4457
4461
4467
4470
4471
4473
4475
4476
4479
4482
4484
4487
4493
4496
4498
4513
4519
4524
4527
4529
4532
4535
4539
4541
4544
4545
4546
4552
4557
4559
4566
4567
4573
4574
4575
4578
4580
4583
4586
4589
4592
4593
4596
4598
4599
4600
4601
4607
4608
4617
4618
4623
4630
4634
4638
4644
4647
4649
4657
4659
4663
4665
4670
4671
4672
4675
4678
4679
4686
4689
4695
4702
4714
4716
4717
4726
4728
4732
4733
4736
4737
4748
4750
4755
4756
4757
4763
4764
4766
4775
4777
4780
4784
4787
4790
4791
4794
4795
4796
4797
4799
4800
4807
4808
4813
4816
4817
4822
4825
4827
4831
4832
4836
4838
4849
4850
4851
4854
4856
4857
4858
4860
4862
4865
4874
4877
4880
4881
4882
4885
4887
4889
4891
4892
4896
4897
4900
4901
4903
4912
4914
4918
4922
4923
4926
4927
4929
4933
4935
4938
4939
4942
4943
4948
4952
4955
4958
4961
4964
4966
4967
4969
4973
4979
4990
4992
4997
5005
5009
5010
5013
5014
5016
5017
5018
5019
5022
5023
5025
5028
5029
5038
5039
5046
5048
5051
5054
5058
5065
5069
5070
5072
5074
5081
5082
5086
5088
5089
5090
5091
5097
5105
5108
5109
5111
5121
5123
5128
5132
5135
5136
5137
5138
5139
5140
5141
5151
5153
5160
5168
5172
5175
5178
5179
5181
5182
5185
5187
5188
5189
5200
5205
5209
5210
5215
5216
5218
5219
5220
5224
5226
5229
5233
5239
5255
5258
5261
5262
5263
5270
5275
5276
5282
5287
5288
5291
5292
5293
5298
5301
5303
5305
5313
5320
5330
5331
5337
5343
5344
5345
5359
5360
5362
5367
5368
5369
5374
5375
5382
5386
5391
5393
5394
5396
5401
5402
5403
5410
5413
5427
5428
5443
5444
5449
5450
5454
5455
5457
5458
5459
5463
5468
5480
5490
5499
5500
5501
5503
5504
5505
5506
5518
5519
5528
5529
5534
5542
5550
5551
5553
5559
5561
5565
5567
5570
5572
5577
5583
5585
5589
5593
5595
5598
5599
5611
5613
5615
5621
5625
5630
5637
5639
5645
5647
5649
5651
5654
5655
5656
5663
5666
5673
5674
5675
5679
5685
5690
5691
5698
5705
5710
5713
5721
5723
5727
5730
5731
5735
5737
5745
5753
5755
5756
5761
5764
5766
5767
5777
5778
5779
5781
5789
5792
5796
5798
5802
5804
5813
5817
5823
5824
5827
5828
5830
5831
5833
5834
5836
5840
5851
5852
5853
5854
5855
5856
5858
5859
5866
5868
5870
5871
5872
5874
5882
5884
5887
5888
5889
5898
5899
5900
5911
5912
5914
5916
5920
5921
5924
5930
5935
5944
5946
5948
5950
5951
5952
5954
5956
5958
5960
5962
5965
5967
5974
5976
5979
5981
5982
5985
5986
5987
5992
6000
6001
6002
6003
6004
6008
6009
6011
6013
6015
6016
6022
6027
6028
6029
6030
6032
6036
6037
6047
6049
6056
6058
6065
6068
6070
6073
6074
6076
6083
6084
6085
6087
6094
6098
6104
6105
6106
6107
6113
6114
6120
6124
6125
6127
6130
6131
6136
6139
6142
6147
6148
6150
6157
6160
6161
6163
6165
6166
6172
6173
6175
6177
6178
6180
6189
6190
6192
6193
6195
6197
6201
6206
6208
6211
6212
6213
6214
6217
6219
6221
6225
6226
6227
6231
6233
6234
6235
6236
6238
6241
6245
6249
6255
6260
6263
6266
6271
6272
6276
6277
6278
6283
6284
6289
6292
6301
6303
6306
6308
6309
6313
6314
6315
6319
6322
6323
6324
6325
6326
6328
6329
6330
6332
6333
6337
6340
6343
6347
6352
6363
6364
6365
6366
6375
6376
6377
6378
6379
6385
6387
6388
6393
6397
6412
6416
6420
6427
6432
6433
6434
6435
6438
6439
6441
6442
6448
6450
6453
6454
6456
6458
6462
6464
6466
6467
6469
6472
6473
6475
6481
6488
6492
6494
6496
6498
6500
6504
6511
6514
6515
6525
6527
6528
6533
6534
6535
6540
6543
6548
6557
6562
6563
6565
6566
6568
6569
6571
6573
6574
6575
6579
6584
6587
6592
6593
6596
6598
6610
6613
6618
6619
6622
6627
6633
6638
6639
6640
6641
6650
6651
6653
6656
6661
6662
6664
6667
6668
6673
6680
6682
6688
6690
6692
6695
6696
6700
6701
6706
6707
6708
6711
6713
6715
6718
6722
6728
6731
6741
6743
6749
6751
6753
6756
6759
6764
6766
6769
6772
6774
6775
6776
6777
6780
6781
6783
6785
6786
6791
6793
6801
6815
6820
6821
6823
6824
6825
6827
6830
6831
6833
6835
6839
6841
6842
6844
6849
6850
6851
6856
6866
6871
6872
6875
6888
6890
6893
6897
6900
6901
6904
6908
6913
6916
6918
6920
6921
6927
6929
6931
6932
6936
6938
6941
6945
6950
6951
6959
6963
6964
6966
6979
6982
6987
6995
6997
6998
6999
7000
7002
7004
7005
7008
7010
7019
7022
7025
7027
7028
7030
7031
7036
7037
7039
7041
7046
7047
7051
7052
7066
7071
7072
7074
7075
7077
7079
7085
7088
7091
7092
7096
7106
7113
7116
7118
7122
7125
7130
7134
7136
7140
7142
7143
7152
7154
7158
7160
7163
7165
7166
7167
7168
7169
7172
7175
7176
7179
7180
7181
7182
7189
7197
7205
7207
7214
7215
7221
7225
7226
7229
7230
7236
7238
7242
7243
7247
7248
7254
7259
7261
7270
7272
7273
7275
7276
7281
7283
7287
7292
7293
7295
7297
7298
7302
7305
7316
7319
7324
7325
7330
7333
7335
7340
7341
7346
7347
7348
7349
7351
7361
7365
7367
7369
7371
7375
7384
7391
7395
7397
7399
7406
7407
7408
7411
7414
7417
7418
7421
7425
7434
7440
7442
7452
7455
7458
7462
7463
7466
7467
7468
7469
7473
7474
7480
7481
7483
7485
7489
7490
7492
7493
7498
7499
7501
7506
7511
7522
7524
7530
7532
7535
7536
7537
7547
7548
7551
7555
7557
7560
7564
7569
7573
7578
7582
7594
7595
7597
7599
7601
7610
7613
7615
7616
7619
7621
7622
7623
7624
7627
7630
7632
7638
7639
7644
7650
7652
7656
7661
7667
7669
7670
7671
7673
7675
7678
7682
7685
7686
7693
7696
7702
7711
7713
7715
7716
7718
7720
7724
7729
7735
7739
7741
7745
7747
7753
7754
7756
7757
7758
7760
7761
7777
7780
7781
7783
7784
7786
7790
7791
7794
7795
7799
7803
7804
7805
7809
7819
7820
7822
7823
7825
7827
7828
7835
7837
7847
7854
7858
7863
7871
7875
7879
7881
7891
7893
7896
7897
7900
7903
7905
7906
7908
7910
7911
7913
7915
7916
7918
7926
7927
7933
7934
7936
7940
7946
7947
7953
7954
7963
7966
7967
7970
7971
7976
7977
7980
7991
7993
7995
7996
7997
7998
8010
8011
8013
8014
8021
8022
8033
8043
8044
8045
8046
8047
8052
8056
8057
8062
8064
8071
8073
8077
8080
8086
8089
8092
8094
8101
8103
8106
8107
8109
8125
8141
8142
8144
8152
8154
8163
8165
8168
8170
8172
8173
8174
8175
8183
8194
8201
8202
8203
8211
8222
8234
8235
8240
8243
8244
8245
8248
8249
8254
8256
8257
8262
8265
8266
8268
8269
8279
8289
8295
8297
8298
8300
8304
8308
8313
8317
8318
8323
8325
8334
8337
8342
8344
8345
8349
8350
8352
8358
8360
8362
8366
8371
8372
8376
8377
8381
8387
8391
8396
8397
8398
8400
8403
8406
8409
8412
8413
8414
8415
8416
8417
8421
8423
8428
8429
8434
8437
8440
8442
8443
8445
8452
8455
8462
8466
8469
8475
8484
8485
8487
8488
8497
8502
8503
8504
8508
8510
8511
8512
8514
8518
8521
8523
8525
8529
8537
8538
8539
8544
8547
8548
8549
8550
8551
8553
8555
8556
8557
8580
8583
8584
8587
8593
8594
8598
8600
8602
8606
8608
8609
8614
8617
8618
8622
8623
8624
8626
8627
8633
8635
8638
8642
8643
8648
8652
8655
8657
8661
8663
8673
8677
8679
8680
8686
8699
8705
8708
8711
8713
8716
8722
8728
8730
8735
8737
8742
8744
8746
8747
8748
8750
8751
8752
8753
8759
8762
8764
8766
8769
8773
8774
8776
8779
8781
8783
8791
8792
8796
8799
8801
8802
8803
8806
8819
8823
8830
8831
8835
8837
8838
8839
8846
8851
8853
8855
8860
8866
8867
8869
8875
8877
8879
8890
8893
8894
8899
8900
8907
8912
8913
8917
8922
8924
8928
8929
8930
8933
8940
8943
8945
8946
8949
8956
8957
8961
8962
8966
8967
8971
8974
8975
8982
8984
8985
8992
8996
9003
9005
9006
9008
9012
9017
9019
9020
9030
9033
9038
9039
9043
9046
9050
9060
9061
9063
9068
9071
9076
9078
9084
9085
9089
9094
9096
9098
9105
9106
9108
9110
9111
9115
9117
9119
9120
9121
9125
9132
9134
9139
9140
9142
9150
9152
9157
9158
9159
9163
9171
9173
9177
9178
9179
9180
9183
9185
9186
9187
9198
9202
9213
9215
9216
9218
9228
9232
9237
9238
9239
9243
9247
9250
9252
9253
9256
9257
9260
9262
9263
9265
9266
9267
9268
9271
9275
9285
9286
9287
9289
9290
9293
9296
9297
9298
9307
9311
9314
9320
9328
9330
9332
9334
9337
9342
9349
9351
9352
9356
9360
9366
9369
9371
9374
9375
9376
9381
9383
9384
9387
9389
9392
9400
9405
9406
9412
9414
9415
9421
9423
9424
9426
9430
9431
9433
9434
9435
9436
9437
9439
9443
9449
9450
9455
9456
9460
9463
9468
9471
9472
9473
9475
9479
9480
9482
9485
9488
9491
9492
9495
9500
9502
9503
9507
9508
9509
9513
9514
9515
9520
9524
9532
9533
9534
9536
9540
9549
9552
9554
9559
9565
9568
9573
9574
9575
9581
9583
9584
9585
9589
9595
9599
9605
9610
9613
9614
9617
9619
9622
9627
9628
9631
9634
9637
9639
9644
9653
9654
9655
9657
9658
9661
9665
9674
9679
9682
9686
9690
9691
9693
9694
9697
9704
9706
9708
9712
9721
9722
9728
9737
9738
9745
9749
9751
9757
9763
9765
9766
9768
9773
9788
9791
9794
9795
9796
9799
9800
9803
9805
9808
9809
9810
9811
9815
9816
9818
9823
9825
9827
9828
9830
9833
9844
9845
9846
9850
9854
9855
9858
9861
9862
9865
9866
9871
9876
9884
9886
9887
9888
9898
9902
9903
9908
9912
9917
9919
9921
9922
9926
9933
9934
9935
9937
9944
9946
9947
9948
9954
9959
9960
9963
9969
9970
9976
9985
9993
9996
10009
10012
10013
10017
10021
10024
10026
10031
10032
10033
10040
10043
10044
10049
10050
10052
10056
10058
10059
10061
10066
10067
10071
10075
10078
10085
10097
10099
10102
10103
10105
10116
10117
10118
10119
10121
10122
10123
10126
10129
10132
10135
10138
10147
10151
10158
10160
10162
10163
10169
10173
10177
10178
10183
10184
10191
10194
10198
10201
10206
10208
10210
10211
10213
10220
10227
10228
10229
10234
10239
10241
10242
10244
10246
10247
10256
10262
10263
10265
10266
10267
10268
10270
10275
10276
10278
10279
10290
10292
10293
10294
10299
10300
10306
10307
10310
10311
10313
10320
10321
10322
10324
10327
10330
10332
10344
10347
10356
10371
10373
10375
10377
10378
10379
10386
10390
10392
10393
10394
10396
10401
10402
10403
10409
10410
10418
10424
10426
10431
10434
10437
10439
10440
10442
10445
10446
10447
10454
10456
10458
10459
10462
10466
10470
10480
10481
10488
10489
10495
10501
10502
10508
10511
10514
10519
10523
10525
10526
10529
10531
10532
10533
10536
10544
10546
10547
10550
10555
10557
10561
10565
10569
10570
10573
10577
10581
10583
10587
10590
10595
10596
10599
10603
10606
10607
10611
10612
10614
10617
10620
10621
10627
10630
10633
10638
10641
10642
10643
10645
10652
10663
10664
10667
10669
10675
10679
10680
10683
10684
10686
10688
10689
10693
10695
10697
10701
10704
10708
10709
10710
10715
10717
10724
10727
10728
10730
10736
10738
10740
10743
10747
10749
10751
10752
10760
10764
10765
10766
10768
10769
10770
10773
10775
10782
10787
10789
10795
10798
10799
10800
10801
10802
10809
10810
10814
10815
10817
10819
10820
10821
10822
10825
10826
10838
10845
10853
10855
10865
10871
10879
10881
10883
10884
10887
10890
10892
10897
10907
10909
10911
10915
10918
10922
10923
10928
10936
10937
10938
10953
10954
10955
10958
10959
10961
10965
10967
10970
10973
10975
10976
10981
10984
10985
10986
10993
10995
10996
10997
11001
11002
11004
11005
11009
11012
11015
11016
11026
11027
11029
11031
11033
11035
11045
11048
11049
11050
11053
11054
11060
11061
11066
11067
11068
11072
11073
11083
11089
11093
11099
11100
11101
11102
11103
11104
11107
11110
11123
11126
11127
11130
11133
11139
11143
11145
11147
11151
11152
11156
11160
11161
11164
11169
11173
11176
11177
11178
11188
11190
11193
11195
11199
11203
11208
11212
11213
11223
11229
11230
11235
11237
11239
11241
11248
11251
11252
11253
11254
11257
11262
11263
11264
11269
11271
11277
11280
11281
11282
11283
11284
11285
11288
11289
11293
11301
11304
11314
11316
11317
11319
11322
11323
11324
11325
11326
11328
11331
11337
11343
11344
11347
11348
11351
11354
11360
11362
11364
11365
11366
11369
11376
11377
11378
11379
11380
11387
11389
11390
11397
11398
11409
11410
11412
11415
11423
11426
11430
11432
11436
11437
11441
11442
11443
11445
11453
11454
11456
11457
11461
11467
11468
11470
11471
11472
11473
11475
11476
11478
11487
11488
11492
11503
11504
11506
11513
11520
11521
11525
11527
11538
11546
11547
11548
11549
11551
11552
11554
11558
11562
11565
11566
11567
11568
11569
11570
11580
11584
11587
11595
11601
11606
11613
11614
11616
11618
11623
11625
11626
11630
11633
11634
11635
11636
11645
11646
11647
11648
11651
11656
11657
11659
11660
11663
11664
11665
11666
11676
11679
11683
11685
11686
11687
11692
11696
11697
11700
11703
11704
11706
11711
11712
11714
11717
11719
11723
11726
11732
11739
11741
11742
11743
11745
11746
11748
11759
11760
11763
11764
11765
11766
11767
11770
11774
11779
11780
11782
11783
11786
11787
11798
11799
11800
11805
11812
11815
11819
11821
11825
11826
11829
11830
11831
11836
11841
11844
11846
11851
11856
11857
11858
11859
11862
11866
11870
11872
11874
11880
11887
11893
11896
11899
11900
11903
11907
11912
11923
11926
11930
11932
11936
11938
11941
11943
11953
11955
11956
11957
11960
11963
11965
11966
11970
11975
11976
11981
11982
11984
11991
11992
11993
12000
12001
12006
12007
12008
12012
12014
12015
12019
12023
12026
12031
12032
12034
12036
12038
12039
12040
12043
12047
12052
12054
12059
12062
12075
12076
12077
12081
12088
12093
12094
12102
12107
12109
12111
12112
12113
12120
12122
12125
12126
12128
12129
12133
12135
12141
12142
12145
12151
12152
12167
12169
12173
12174
12175
12177
12178
12183
12186
12188
12189
12190
12191
12196
12201
12205
12208
12214
12216
12219
12221
12222
12223
12226
12228
12230
12235
12240
12247
12250
12259
12262
12263
12267
12271
12273
12279
12280
12283
12284
12286
12290
12293
12297
12299
12300
12304
12307
12309
12318
12319
12322
12323
12324
12327
12328
12331
12333
12336
12341
12342
12346
12348
12349
12352
12356
12364
12367
12377
12379
12384
12389
12396
12402
12409
12410
12414
12420
12421
12428
12430
12434
12440
12445
12447
12449
12451
12452
12453
12454
12458
12460
12461
12463
12466
12467
12472
12474
12475
12479
12480
12485
12495
12505
12506
12507
12511
12513
12514
12517
12520
12522
12528
12529
12534
12538
12545
12547
12549
12550
12557
12563
12564
12565
12568
12569
12573
12578
12580
12584
12585
12587
12591
12592
12593
12594
12598
12601
12606
12609
12611
12622
12624
12626
12627
12631
12632
12634
12636
12640
12641
12642
12643
12646
12649
12651
12655
12656
12657
12658
12662
12664
12667
12668
12670
12674
12676
12678
12681
12688
12695
12701
12703
12708
12710
12712
12715
12717
12719
12722
12727
12731
12736
12739
12742
12747
12755
12758
12760
12762
12764
12765
12768
12770
12773
12778
12780
12782
12786
12789
12791
12794
12796
12800
12801
12803
12805
12809
12810
12812
12814
12818
12819
12820
12822
12827
12828
12830
12834
12840
12842
12843
12847
12848
12850
12851
12855
12857
12861
12865
12867
12868
12869
12871
12872
12874
12880
12881
12883
12885
12890
12892
12894
12901
12902
12904
12905
12910
12912
12914
12916
12922
12926
12930
12931
12932
12933
12936
12943
12947
12949
12951
12952
12955
12957
12959
12961
12962
12963
12967
12968
12969
12971
12976
12978
12979
12997
13002
13010
13011
13013
13014
13015
13020
13023
13024
13025
13028
13029
13036
13037
13040
13044
13046
13047
13052
13054
13068
13069
13070
13074
13075
13076
13078
13080
13085
13088
13089
13092
13103
13104
13105
13106
13107
13108
13111
13112
13113
13116
13119
13120
13124
13131
13134
13135
13140
13141
13149
13150
13151
13157
13158
13159
13169
13174
13175
13177
13184
13187
13188
13194
13195
13201
13203
13204
13205
13206
13207
13217
13220
13221
13223
13226
13229
13232
13239
13241
13248
13249
13250
13252
13253
13254
13257
13258
13263
13272
13276
13277
13278
13282
13283
13286
13287
13289
13290
13295
13297
13300
13305
13310
13315
13318
13323
13324
13329
13330
13331
13333
13337
13338
13342
13353
13357
13359
13361
13362
13365
13369
13375
13382
13386
13394
13401
13403
13411
13414
13416
13417
13419
13420
13422
13425
13427
13430
13438
13440
13441
13442
13446
13447
13448
13451
13453
13454
13459
13462
13464
13467
13470
13473
13477
13478
13479
13480
13481
13488
13495
13499
13500
13501
13507
13508
13513
13515
13522
13534
13535
13541
13545
13550
13552
13559
13561
13572
13575
13578
13580
13581
13583
13586
13591
13592
13595
13598
13602
13603
13609
13610
13613
13616
13619
13620
13625
13630
13632
13636
13637
13638
13639
13645
13646
13653
13654
13655
13658
13660
13668
13671
13674
13679
13684
13686
13691
13692
13695
13697
13698
13701
13703
13705
13708
13709
13713
13716
13718
13719
13730
13732
13733
13736
13738
13739
13749
13750
13751
13753
13758
13759
13760
13767
13782
13783
13786
13788
13792
13795
13797
13798
13801
13808
13814
13815
13816
13817
13819
13822
13823
13827
13830
13832
13833
13837
13844
13848
13854
13855
13856
13857
13862
13863
13865
13866
13869
13870
13871
13874
13875
13876
13878
13879
13883
13890
13892
13893
13894
13896
13901
13902
13903
13907
13914
13922
13923
13926
13927
13930
13932
13933
13934
13935
13937
13939
13941
13944
13947
13950
13955
13956
13957
13962
13963
13965
13971
13977
13980
13984
13986
13987
13991
13993
13995
13997
14003
14005
14006
14008
14011
14017
14019
14026
14027
14030
14032
14033
14035
14040
14041
14043
14044
14045
14049
14052
14056
14057
14059
14063
14064
14068
14069
14072
14076
14080
14082
14084
14088
14095
14098
14101
14106
14107
14110
14120
14121
14122
14123
14124
14126
14136
14143
14146
14148
14151
14153
14156
14157
14158
14159
14161
14165
14168
14172
14174
14181
14190
14193
14196
14197
14200
14202
14214
14217
14218
14221
14226
14232
14247
14250
14252
14253
14256
14259
14263
14265
14267
14270
14278
14283
14290
14291
14297
14302
14303
14306
14310
14311
14314
14322
14323
14330
14333
14334
14336
14342
14345
14356
14364
14370
14378
14381
14383
14386
14388
14389
14390
14391
14393
14399
14406
14407
14408
14413
14422
14424
14426
14434
14440
14441
14444
14447
14448
14455
14456
14459
14460
14462
14465
14471
14475
14476
14478
14482
14486
14487
14488
14490
14519
14525
14527
14528
14535
14541
14543
14544
14546
14548
14549
14550
14551
14559
14562
14570
14571
14575
14576
14578
14579
14580
14583
14586
14587
14589
14597
14598
14602
14606
14610
14615
14616
14620
14625
14629
14630
14631
14632
14633
14634
14640
14641
14643
14644
14646
14647
14650
14654
14655
14658
14660
14661
14666
14668
14672
14681
14685
14687
14689
14691
14695
14697
14700
14705
14706
14708
14713
14729
14732
14733
14734
14738
14747
14748
14752
14755
14756
14758
14762
14763
14764
14766
14767
14768
14770
14771
14780
14782
14784
14786
14789
14790
14795
14796
14800
14801
14804
14809
14813
14815
14817
14818
14819
14825
14828
14829
14834
14835
14836
14837
14838
14841
14844
14847
14848
14851
14855
14862
14866
14869
14880
14884
14888
14893
14895
14900
14902
14905
14908
14912
14914
14919
14920
14932
14935
14946
14947
14956
14958
14959
14962
14966
14972
14975
14977
14979
14981
14987
14989
14994
14998
15000
15005
15006
15015
15016
15018
15021
15023
15026
15033
15035
15038
15041
15044
15045
15050
15051
15053
15055
15063
15069
15073
15074
15076
15079
15083
15084
15088
15092
15094
15096
15098
15100
15101
15107
15115
15118
15119
15120
15124
15127
15130
15132
15137
15142
15144
15146
15149
15153
15154
15155
15157
15162
15163
15165
15166
15168
15170
15174
15182
15183
15188
15190
15197
15199
15202
15207
15213
15216
15217
15218
15222
15223
15225
15228
15232
15233
15236
15238
15243
15247
15248
15250
15253
15254
15261
15264
15266
15269
15271
15272
15275
15283
15286
15288
15289
15291
15294
15295
15301
15304
15312
15314
15317
15320
15322
15325
15328
15335
15337
15339
15350
15352
15356
15360
15367
15380
15389
15391
15395
15396
15399
15404
15406
15412
15419
15424
15427
15428
15430
15431
15433
15434
15436
15438
15444
15456
15461
15466
15471
15474
15482
15484
15487
15489
15496
15498
15499
15504
15508
15510
15512
15513
15515
15516
15518
15525
15528
15529
15531
15537
15539
15542
15544
15545
15549
15555
15573
15574
15578
15580
15582
15588
15594
15599
15600
15601
15603
15606
15613
15616
15620
15625
15628
15630
15634
15640
15641
15642
15643
15659
15662
15664
15665
15666
15668
15674
15679
15680
15686
15688
15690
15693
15696
15700
15701
15703
15705
15706
15717
15718
15719
15723
15735
15737
15748
15750
15752
15756
15760
15765
15772
15774
15775
15777
15779
15781
15787
15789
15790
15792
15794
15797
15800
15803
15805
15807
15808
15810
15815
15822
15827
15828
15833
15838
15839
15840
15841
15842
15849
15851
15855
15856
15857
15858
15862
15867
15869
15876
15880
15883
15884
15887
15892
15895
15899
15904
15908
15909
15913
15917
15918
15925
15926
15927
15928
15929
15933
15936
15943
15948
15949
15950
15953
15958
15962
15963
15964
15972
15973
15978
15979
15980
15981
15990
15992
15997
16002
16005
16006
16012
16015
16019
16023
16025
16027
16030
16031
16035
16036
16038
16041
16042
16043
16049
16058
16064
16069
16074
16077
16079
16086
16093
16095
16096
16097
16098
16100
16105
16120
16121
16124
16125
16127
16129
16139
16142
16145
16151
16154
16158
16168
16169
16174
16175
16178
16179
16180
16182
16189
16193
16200
16203
16210
16213
16218
16221
16223
16225
16226
16227
16228
16229
16230
16235
16236
16243
16249
16258
16261
16262
16263
16264
16266
16267
16268
16276
16278
16283
16284
16288
16289
16295
16298
16304
16309
16310
16313
16314
16316
16317
16322
16323
16324
16327
16339
16341
16342
16345
16349
16354
16363
16364
16369
16370
16371
16373
16374
16379
16380
16381
16382
16383
16391
16392
16395
16396
16399
16402
16403
16406
16410
16417
16435
16437
16445
16446
16447
16452
16454
16457
16461
16462
16464
16470
16471
16476
16478
16479
16485
16486
16488
16490
16494
16501
16503
16509
16516
16517
16518
16526
16527
16529
16531
16536
16540
16541
16548
16550
16551
16553
16557
16560
16561
16564
16565
16568
16571
16574
16577
16589
16590
16591
16593
16596
16597
16602
16610
16614
16621
16623
16624
16625
16628
16629
16633
16637
16638
16639
16640
16642
16645
16649
16652
16658
16659
16665
16674
16676
16679
16684
16689
16691
16693
16698
16699
16701
16708
16712
16713
16715
16716
16717
16718
16720
16724
16725
16728
16729
16733
16735
16736
16737
16744
16748
16752
16753
16755
16756
16759
16766
16767
16770
16772
16773
16774
16776
16783
16785
16787
16793
16805
16806
16808
16817
16823
16824
16827
16828
16835
16837
16838
16849
16851
16853
16866
16867
16868
16869
16872
16873
16875
16882
16883
16896
16897
16899
16901
16905
16909
16915
16916
16917
16918
16922
16926
16933
16940
16943
16944
16946
16949
16950
16959
16962
16969
16972
16973
16982
16984
16985
16986
16987
16995
16997
17000
17004
17006
17009
17010
17016
17023
17024
17028
17041
17045
17046
17048
17053
17057
17059
17062
17065
17068
17075
17078
17082
17083
17086
17087
17092
17094
17095
17096
17098
17099
17102
17104
17106
17111
17113
17116
17117
17118
17119
17120
17124
17128
17132
17137
17143
17145
17147
17150
17152
17154
17164
17165
17166
17167
17168
17169
17171
17174
17178
17181
17182
17186
17192
17210
17212
17222
17226
17231
17235
17236
17238
17244
17247
17248
17249
17251
17255
17259
17260
17261
17262
17264
17265
17271
17272
17280
17281
17285
17289
17294
17296
17297
17298
17299
17300
17306
17309
17310
17323
17326
17327
17328
17330
17334
17336
17337
17341
17343
17346
17350
17351
17352
17353
17360
17361
17362
17369
17373
17376
17378
17382
17383
17384
17387
17390
17398
17399
17400
17402
17404
17406
17407
17408
17416
17417
17418
17424
17425
17426
17427
17428
17430
17433
17436
17437
17440
17448
17453
17455
17462
17469
17477
17479
17480
17482
17484
17489
17492
17497
17499
17500
17501
17502
17503
17506
17507
17514
17516
17519
17520
17521
17523
17524
17526
17527
17528
17535
17539
17542
17543
17548
17553
17555
17564
17565
17568
17569
17572
17573
17577
17579
17582
17584
17585
17591
17594
17597
17600
17601
17603
17605
17606
17609
17613
17614
17615
17618
17624
17626
17630
17631
17633
17636
17637
17639
17640
17642
17643
17648
17651
17655
17659
17660
17661
17663
17664
17668
17671
17689
17691
17692
17694
17695
17697
17703
17704
17709
17710
17712
17714
17729
17731
17732
17740
17744
17745
17747
17751
17754
17763
17769
17771
17776
17777
17780
17781
17787
17788
17789
17798
17802
17804
17806
17811
17814
17815
17818
17821
17825
17826
17828
17829
17833
17834
17840
17841
17843
17848
17850
17862
17864
17867
17869
17871
17872
17873
17875
17877
17878
17882
17890
17898
17900
17903
17904
17905
17906
17907
17911
17917
17920
17921
17923
17926
17928
17929
17930
17935
17936
17938
17940
17947
17949
17956
17963
17965
17967
17972
17976
17980
17986
17990
17992
17994
17998
18001
18011
18012
18020
18022
18024
18030
18031
18033
18035
18038
18044
18047
18049
18050
18054
18057
18061
18063
18064
18067
18069
18070
18073
18074
18075
18077
18080
18082
18085
18086
18090
18096
18099
18102
18105
18106
18107
18108
18109
18110
18116
18117
18121
18122
18124
18125
18126
18127
18132
18142
18147
18151
18161
18165
18166
18167
18171
18172
18173
18175
18177
18183
18186
18201
18202
18203
18207
18210
18211
18212
18217
18221
18224
18225
18227
18230
18239
18240
18241
18243
18245
18253
18255
18256
18258
18260
18262
18264
18265
18266
18270
18271
18272
18275
18281
18283
18288
18297
18298
18303
18304
18306
18313
18314
18316
18317
18318
18321
18324
18325
18327
18328
18331
18335
18337
18344
18348
18349
18359
18361
18362
18363
18365
18370
18371
18373
18377
18378
18384
18386
18388
18391
18394
18399
18402
18406
18407
18408
18412
18415
18416
18417
18422
18432
18437
18444
18445
18447
18454
18455
18458
18459
18461
18463
18472
18473
18475
18477
18479
18481
18482
18483
18487
18493
18496
