12
30
53
79
152
225
265
279
283
395
408
437
454
582
584
588
709
727
751
806
814
858
1061
1077
1185
1324
1446
1459
1622
1676
1716
1775
1841
1962
1978
2130
2168
2199
2243
2278
2291
2324
2460
2541
2737
2763
2889
3047
3077
3084
3218
3446
3457
3548
3878
4285
4451
4457
4630
4690
5095
5117
5355
5633
5650
5766
5775
5781
5855
5859
5999
6002
6178
6213
6501
6545
6591
6621
7226
7266
7312
7549
7627
7634
7659
7720
7769
7934
8097
8156
8233
8311
8327
8362
8410
8437
8521
8752
8782
9108
9181
9356
9469
9493
9519
9581
9930
9986
10003
10029
10119
10221
10572
11227
11233
11254
11351
11510
11567
11575
11583
11708
11771
11892
11899
12058
12135
12144
12328
12614
12630
12643
12779
12856
12877
13040
13156
13161
13166
13231
13248
13266
13344
13369
13420
13424
13461
13475
13509
13672
13771
13793
13880
13888
13926
13939
13942
13968
14013
14074
14206
14259
14304
14400
14423
14425
14794
14894
15023
15058
15125
15188
15239
15272
15315
15336
15344
15472
15525
15688
15730
15775
15839
16078
16093
16206
16624
16766
17107
17144
17209
17217
17340
17440
17464
17543
17556
17570
17736
17742
17757
17776
17898
18052
18094
18293
18349
18489
18523
18740
18772
18880
18996
19023
19118
19125
19325
19614
19776
20052
20071
20143
20170
20181
20189
20190
20267
20299
20319
20328
20356
20370
20407
20456
20541
20628
20712
20850
21232
21503
21570
21746
21855
21869
21903
21920
21938
21941
21959
21973
22029
22177
22251
22597
22643
22656
22685
22951
23030
23123
23132
23151
23156
23298
23319
23436
23593
23608
23626
23660
23684
23692
23774
23825
23899
23932
24059
24541
24591
24716
24754
24825
24846
25099
25193
25233
25244
25415
25576
25715
25769
25781
25783
25908
25909
26307
26753
27004
27047
27211
27234
27292
27329
27568
27600
27936
28079
28088
28147
28249
28292
28399
28466
28527
28803
28825
28939
28959
29038
29337
29353
29365
29547
29707
29724
29835
29981
30262
30351
30354
30465
30665
30742
30794
30995
31061
31419
31458
31475
31524
31648
31736
31762
31800
32015
32158
32183
32189
32216
32397
32408
32428
32563
32751
32808
33009
33145
33178
33244
33446
33501
33562
33606
33620
33857
33875
34006
34105
34125
34194
34225
34232
34385
34398
34405
34415
34432
34459
34633
34704
34797
34866
34941
35049
35148
35216
35221
35306
35345
35464
35488
35666
35731
35903
35998
36032
36182
36235
36324
36338
36691
36824
