2
3
6
7
12
15
18
19
22
23
28
30
31
32
35
37
43
49
50
53
54
57
61
70
75
78
79
91
95
98
99
106
108
111
114
126
127
129
131
135
140
142
145
146
148
152
154
160
162
166
167
172
174
176
181
184
185
189
190
194
204
206
209
221
223
225
229
232
233
234
236
238
241
242
244
248
254
259
260
261
262
263
265
274
275
279
282
285
291
293
294
299
301
302
303
310
313
318
319
328
329
330
332
335
336
339
345
349
352
363
364
365
368
369
370
375
376
377
378
384
390
392
394
396
398
399
400
402
403
407
408
412
413
415
416
423
425
433
434
440
443
444
446
447
451
453
454
456
463
464
465
469
471
473
475
478
482
487
491
498
499
503
506
508
510
515
517
518
521
525
526
532
533
536
538
541
546
553
555
558
561
571
574
575
578
582
583
587
588
589
590
593
605
606
612
615
618
623
625
628
629
635
641
646
647
656
663
664
667
670
672
675
681
682
683
684
690
691
696
697
698
702
709
712
713
715
719
722
726
727
730
731
737
741
748
749
755
759
760
764
766
768
770
773
774
775
776
781
782
789
790
797
800
802
803
804
806
807
809
817
818
819
822
823
826
837
838
840
846
847
851
855
859
862
867
868
870
879
884
887
894
904
906
913
922
925
927
928
936
941
944
945
946
947
954
959
962
964
965
968
969
971
972
974
979
989
992
993
996
997
998
999
1000
1001
1002
1005
1009
1010
1019
1020
1023
1028
1029
1033
1035
1042
1045
1049
1054
1055
1058
1059
1061
1063
1066
1067
1068
1071
1072
1073
1077
1078
1079
1084
1096
1097
1101
1107
1108
1109
1111
1118
1120
1124
1126
1128
1130
1135
1141
1143
1149
1152
1158
1160
1161
1163
1164
1165
1168
1169
1175
1176
1181
1183
1185
1190
1202
1203
1209
1210
1211
1215
1222
1226
1231
1234
1235
1241
1246
1247
1249
1252
1258
1259
1263
1264
1267
1268
1270
1271
1273
1279
1280
1282
1295
1297
1304
1310
1313
1317
1322
1326
1328
1329
1331
1332
1333
1340
1342
1360
1369
1371
1374
1376
1378
1379
1382
1383
1385
1395
1402
1406
1409
1410
1411
1413
1414
1416
1420
1423
1426
1430
1432
1434
1439
1443
1445
1448
1453
1454
1459
1462
1466
1468
1471
1473
1476
1477
1483
1484
1485
1488
1489
1491
1492
1500
1501
1505
1506
1510
1513
1516
1518
1523
1525
1527
1530
1531
1532
1534
1545
1551
1553
1554
1556
1557
1565
1572
1573
1574
1578
1583
1596
1601
1605
1607
1608
1609
1611
1612
1613
1618
1622
1631
1633
1637
1640
1641
1646
1655
1663
1664
1667
1672
1676
1679
1682
1687
1689
1692
1693
1694
1695
1697
1699
1700
1703
1714
1716
1719
1721
1722
1724
1728
1732
1734
1735
1739
1744
1746
1749
1754
1757
1763
1764
1766
1773
1775
1776
1777
1780
1785
1786
1788
1793
1796
1798
1807
1810
1813
1817
1821
1828
1832
1834
1844
1848
1850
1855
1857
1861
1864
1865
1868
1870
1872
1873
1874
1885
1886
1891
1892
1893
1897
1901
1902
1903
1904
1907
1908
1910
1911
1913
1914
1924
1927
1928
1930
1936
1937
1938
1949
1950
1951
1957
1958
1962
1965
1968
1969
1975
1976
1978
1981
1984
1996
1997
2002
2009
2010
2013
2015
2020
2021
2024
2026
2027
2031
2033
2036
2038
2044
2048
2051
2052
2053
2057
2061
2062
2064
2068
2079
2083
2084
2086
2088
2090
2091
2092
2093
2095
2106
2109
2118
2119
2123
2124
2126
2127
2128
2131
2144
2146
2147
2153
2154
2156
2158
2162
2164
2168
2174
2175
2176
2177
2178
2179
2180
2184
2185
2188
2191
2194
2195
2199
2200
2201
2205
2207
2209
2210
2211
2212
2216
2218
2220
2224
2225
2226
2229
2231
2234
2235
2239
2243
2248
2252
2260
2262
2265
2274
2275
2278
2281
2283
2285
2286
2290
2296
2299
2303
2306
2307
2311
2312
2315
2316
2320
2323
2328
2329
2330
2341
2343
2344
2346
2350
2355
2361
2367
2368
2371
2372
2374
2375
2376
2378
2386
2390
2391
2393
2394
2408
2409
2411
2413
2414
2416
2421
2422
2423
2426
2429
2433
2435
2438
2440
2441
2442
2445
2452
2453
2454
2455
2457
2458
2460
2465
2467
2471
2473
2475
2479
2481
2482
2488
2489
2490
2492
2494
2499
2500
2503
2505
2506
2507
2508
2510
2514
2517
2519
2521
2524
2528
2529
2530
2534
2536
2538
2541
2542
2543
2544
2549
2550
2553
2555
2556
2559
2562
2564
2565
2566
2567
2569
2573
2574
2575
2577
2579
2583
2586
2590
2591
2594
2598
2600
2608
2617
2618
2621
2623
2624
2625
2627
2631
2632
2636
2637
2638
2639
2645
2646
2649
2650
2651
2652
2657
2658
2660
2662
2663
2664
2666
2671
2672
2676
2683
2685
2686
2691
2692
2697
2700
2702
2705
2706
2711
2714
2716
2718
2720
2723
2726
2731
2735
2738
2739
2743
2747
2750
2751
2754
2757
2758
2759
2760
2762
2763
2764
2767
2768
2773
2775
2778
2781
2786
2787
2789
2791
2803
2805
2808
2813
2816
2822
2823
2824
2825
2826
2827
2829
2833
2834
2841
2847
2848
2849
2852
2856
2857
2859
2860
2866
2868
2870
2874
2875
2880
2883
2884
2886
2888
2890
2891
2894
2901
2902
2908
2914
2915
2916
2917
2919
2923
2925
2926
2930
2934
2939
2942
2946
2948
2949
2953
2956
2962
2963
2977
2979
2980
2982
2985
2986
2993
2995
2998
2999
3008
3014
3017
3020
3021
3023
3025
3031
3038
3047
3049
3050
3054
3055
3058
3063
3064
3067
3070
3072
3076
3077
3079
3083
3088
3091
3092
3096
3097
3098
3100
3101
3102
3106
3107
3112
3114
3122
3130
3133
3136
3144
3145
3149
3150
3154
3159
3164
3172
3175
3180
3184
3186
3192
3194
3195
3197
3199
3200
3203
3204
3205
3209
3210
3217
3219
3223
3225
3231
3242
3244
3245
3246
3249
3251
3265
3267
3268
3273
3276
3283
3288
3296
3299
3306
3307
3312
3314
3319
3321
3322
3325
3326
3328
3331
3332
3333
3334
3337
3341
3343
3344
3347
3348
3350
3354
3358
3364
3365
3367
3374
3376
3381
3385
3388
3391
3401
3402
3403
3412
3414
3417
3420
3421
3423
3430
3434
3436
3437
3446
3451
3453
3457
3458
3461
3464
3466
3469
3471
3474
3476
3478
3481
3484
3486
3487
3490
3492
3497
3498
3500
3507
3508
3509
3510
3511
3513
3514
3532
3533
3541
3544
3546
3547
3548
3549
3551
3554
3555
3556
3557
3558
3565
3566
3567
3568
3569
3571
3575
3576
3578
3580
3582
3590
3594
3598
3602
3605
3606
3609
3619
3621
3623
3624
3632
3640
3641
3646
3647
3648
3657
3661
3663
3669
3677
3686
3688
3695
3696
3697
3699
3700
3702
3704
3705
3712
3714
3715
3722
3726
3728
3731
3733
3735
3737
3738
3746
3747
3749
3751
3752
3756
3763
3764
3767
3770
3773
3782
3786
3788
3789
3791
3793
3794
3797
3799
3803
3808
3810
3811
3812
3814
3815
3819
3820
3827
3828
3829
3830
3837
3845
3847
3852
3853
3854
3867
3870
3873
3877
3878
3879
3881
3884
3886
3891
3893
3894
3895
3897
3898
3899
3902
3904
3907
3910
3911
3913
3914
3915
3916
3921
3922
3931
3932
3933
3934
3936
3937
3938
3939
3941
3942
3944
3949
3954
3955
3956
3957
3959
3962
3966
3970
3973
3974
3975
3977
3979
3980
3983
3986
3988
3989
3992
3995
4001
4005
4006
4009
4010
4013
4015
4016
4017
4019
4028
4033
4034
4039
4042
4043
4044
4049
4051
4053
4057
4059
4061
4063
4067
4079
4081
4082
4084
4085
4087
4091
4093
4094
4097
4099
4100
4103
4105
4109
4111
4113
4124
4127
4129
4130
4133
4134
4135
4139
4141
4142
4149
4153
4154
4161
4163
4164
4165
4167
4169
4174
4175
4192
4193
4195
4197
4199
4200
4201
4207
4213
4216
4220
4224
4228
4229
4232
4233
4236
4239
4240
4246
4250
4251
4252
4256
4260
4263
4267
4276
4277
4280
4282
4284
4285
4290
4291
4293
4296
4298
4306
4307
4312
4313
4314
4316
4319
4320
4329
4330
4340
4343
4344
4345
4346
4359
4369
4371
4377
4378
4384
4387
4390
4393
4394
4397
4402
4403
4404
4408
4410
4412
4413
4416
4418
4419
4420
4422
4427
4432
4433
4436
4438
4440
4444
4450
4451
4455
4457
4461
4462
4464
4468
4477
4480
4481
4484
4486
4488
4493
4494
4495
4500
4501
4503
4505
4506
4507
4508
4509
4511
4518
4519
4520
4524
4525
4542
4543
4544
4548
4550
4551
4553
4554
4555
4556
4560
4562
4568
4571
4572
4579
4580
4584
4586
4588
4591
4592
4594
4597
4598
4600
4605
4607
4608
4609
4610
4611
4613
4624
4627
4629
4630
4631
4636
4639
4641
4652
4654
4662
4665
4667
4670
4672
4673
4675
4678
4681
4684
4685
4688
4691
4692
4697
4698
4699
4716
4734
4736
4737
4738
4741
4742
4745
4746
4747
4750
4755
4758
4761
4763
4766
4772
4774
4776
4780
4781
4782
4783
4786
4788
4789
4790
4792
4798
4799
4801
4802
4804
4805
4806
4809
4810
4815
4816
4817
4819
4820
4822
4823
4827
4830
4832
4834
4835
4841
4842
4845
4856
4859
4861
4867
4868
4875
4882
4891
4897
4901
4903
4904
4907
4914
4916
4922
4924
4925
4928
4931
4933
4934
4935
4936
4937
4940
4941
4944
4945
4954
4958
4968
4976
4978
4982
4983
4984
4985
4987
4989
4994
4996
4999
5000
5001
5003
5005
5007
5018
5023
5032
5039
5040
5041
5042
5051
5052
5055
5058
5061
5063
5064
5065
5069
5070
5072
5073
5075
5079
5082
5083
5084
5088
5089
5090
5094
5097
5100
5107
5109
5110
5112
5113
5114
5117
5126
5127
5131
5133
5134
5135
5136
5144
5145
5147
5149
5150
5154
5156
5157
5159
5162
5165
5167
5170
5177
5179
5181
5182
5183
5184
5187
5188
5190
5196
5199
5201
5202
5203
5206
5208
5209
5210
5215
5218
5221
5222
5223
5224
5226
5228
5229
5230
5234
5236
5237
5241
5246
5252
5258
5260
5262
5266
5267
5271
5272
5273
5277
5278
5281
5282
5286
5289
5291
5293
5295
5297
5298
5302
5305
5308
5310
5311
5319
5320
5322
5326
5342
5346
5349
5350
5353
5356
5359
5360
5361
5362
5365
5377
5383
5386
5388
5391
5392
5395
5398
5399
5404
5409
5417
5418
5421
5423
5425
5429
5433
5435
5440
5445
5451
5454
5455
5462
5467
5471
5473
5481
5482
5483
5486
5487
5489
5490
5491
5492
5495
5498
5499
5501
5504
5507
5515
5516
5517
5519
5521
5522
5523
5524
5525
5527
5530
5531
5535
5536
5538
5539
5542
5556
5558
5563
5564
5567
5568
5569
5572
5573
5575
5576
5580
5581
5586
5587
5588
5589
5590
5604
5605
5607
5610
5612
5619
5620
5621
5625
5626
5627
5628
5630
5632
5633
5646
5647
5648
5649
5650
5655
5661
5662
5669
5670
5672
5673
5675
5678
5682
5690
5695
5701
5704
5706
5710
5711
5713
5714
5724
5728
5729
5730
5731
5733
5734
5738
5739
5746
5748
5750
5760
5761
5766
5768
5773
5775
5776
5778
5785
5786
5794
5795
5797
5800
5815
5816
5817
5818
5822
5824
5829
5830
5837
5838
5842
5844
5849
5851
5852
5856
5859
5861
5862
5863
5864
5865
5866
5867
5870
5879
5881
5882
5883
5884
5888
5895
5899
5900
5901
5902
5905
5906
5912
5914
5916
5925
5932
5934
5935
5940
5942
5944
5949
5950
5951
5959
5963
5964
5966
5970
5978
5982
5984
5988
5991
5996
5999
6000
6002
6003
6005
6006
6016
6021
6023
6027
6028
6031
6036
6037
6039
6051
6055
6056
6058
6059
6060
6062
6063
6064
6068
6069
6071
6073
6074
6076
6078
6081
6082
6083
6084
6085
6090
6091
6096
6098
6101
6107
6108
6110
6112
6114
6122
6128
6129
6130
6134
6136
6138
6142
6146
6147
6154
6157
6160
6166
6168
6170
6171
6174
6178
6179
6181
6183
6188
6189
6191
6194
6197
6199
6206
6213
6214
6215
6220
6221
6224
6228
6230
6232
6236
6237
6238
6240
6241
6243
6244
6247
6248
6249
6258
6260
6262
6263
6266
6268
6273
6274
6275
6276
6278
6289
6292
6294
6296
6300
6301
6303
6304
6306
6307
6308
6312
6314
6315
6318
6319
6320
6327
6329
6335
6336
6339
6340
6341
6342
6343
6344
6345
6347
6351
6361
6362
6364
6365
6368
6372
6373
6380
6381
6383
6384
6391
6392
6393
6398
6400
6403
6404
6405
6412
6417
6420
6421
6423
6428
6439
6441
6443
6448
6455
6457
6458
6461
6463
6468
6471
6477
6481
6483
6484
6485
6487
6488
6489
6491
6494
6503
6509
6513
6521
6524
6533
6537
6541
6543
6550
6552
6555
6557
6558
6562
6563
6564
6569
6570
6572
6575
6577
6578
6580
6583
6587
6588
6590
6591
6592
6596
6597
6599
6601
6602
6605
6607
6609
6614
6615
6621
6628
6629
6633
6638
6640
6643
6644
6648
6650
6655
6663
6667
6668
6669
6675
6677
6678
6681
6683
6685
6689
6690
6692
6696
6698
6699
6701
6703
6708
6718
6719
6725
6727
6728
6734
6737
6738
6739
6742
6743
6751
6753
6754
6758
6759
6760
6763
6766
6769
6778
6786
6787
6790
6791
6792
6793
6794
6796
6797
6802
6804
6807
6812
6815
6816
6821
6826
6834
6838
6841
6842
6844
6848
6852
6854
6856
6858
6866
6867
6868
6870
6872
6874
6879
6880
6883
6891
6892
6894
6900
6904
6907
6909
6912
6914
6915
6917
6923
6929
6938
6939
6940
6941
6942
6948
6951
6952
6955
6957
6965
6966
6969
6970
6972
6976
6980
6981
6982
6983
6984
6987
6993
6995
6997
6998
6999
7003
7005
7009
7018
7019
7020
7024
7031
7032
7036
7038
7039
7045
7052
7053
7058
7061
7062
7065
7069
7070
7071
7074
7085
7088
7089
7090
7091
7092
7094
7098
7102
7103
7107
7110
7113
7119
7120
7123
7133
7136
7145
7149
7154
7155
7158
7159
7161
7162
7163
7168
7170
7172
7173
7174
7175
7177
7183
7187
7190
7193
7195
7196
7199
7201
7202
7203
7209
7215
7218
7219
7221
7226
7230
7231
7234
7236
7237
7238
7240
7242
7243
7245
7246
7247
7248
7252
7256
7260
7265
7267
7269
7272
7273
7278
7280
7284
7285
7286
7298
7299
7305
7310
7312
7319
7323
7325
7326
7328
7329
7331
7332
7344
7348
7349
7355
7359
7360
7362
7365
7367
7377
7381
7382
7386
7388
7392
7396
7400
7408
7409
7410
7414
7417
7418
7422
7424
7425
7427
7428
7431
7438
7439
7440
7453
7456
7460
7462
7464
7465
7466
7470
7472
7476
7477
7478
7479
7480
7486
7491
7493
7497
7501
7506
7513
7522
7523
7526
7529
7530
7541
7547
7550
7554
7556
7564
7565
7571
7577
7588
7589
7590
7591
7598
7600
7604
7610
7613
7618
7626
7627
7630
7631
7633
7635
7636
7641
7651
7653
7656
7660
7662
7668
7669
7678
7682
7683
7685
7686
7689
7695
7698
7699
7700
7702
7707
7708
7709
7712
7713
7718
7720
7729
7731
7734
7736
7737
7741
7742
7743
7745
7746
7751
7754
7758
7759
7766
7767
7774
7775
7777
7778
7779
7782
7786
7787
7788
7789
7790
7796
7797
7801
7804
7807
7809
7815
7817
7823
7824
7827
7828
7829
7834
7835
7839
7849
7852
7853
7858
7863
7865
7871
7875
7880
7893
7896
7898
7900
7901
7902
7907
7911
7912
7913
7914
7917
7918
7919
7923
7924
7929
7931
7935
7936
7938
7941
7942
7946
7949
7952
7955
7959
7963
7965
7968
7971
7973
7974
7975
7976
7977
7981
7982
7985
7986
7987
7988
7993
7994
8001
8002
8003
8005
8008
8011
8012
8013
8018
8020
8027
8031
8037
8038
8039
8043
8047
8054
8057
8063
8065
8066
8068
8070
8082
8083
8085
8087
8090
8091
8093
8094
8095
8096
8097
8099
8104
8105
8110
8111
8113
8116
8117
8118
8121
8124
8125
8126
8127
8133
8134
8135
8139
8147
8149
8152
8159
8161
8163
8168
8174
8182
8184
8186
8187
8188
8193
8195
8202
8205
8206
8210
8213
8214
8215
8219
8222
8224
8227
8230
8232
8233
8235
8237
8238
8240
8244
8246
8247
8248
8252
8257
8262
8263
8270
8272
8275
8281
8291
8305
8306
8311
8313
8314
8315
8318
8325
8326
8327
8328
8330
8333
8334
8349
8350
8351
8352
8354
8358
8359
8362
8368
8375
8378
8380
8383
8387
8389
8396
8404
8409
8410
8412
8416
8417
8418
8420
8423
8424
8426
8431
8432
8436
8440
8443
8445
8447
8457
8459
8460
8461
8472
8480
8484
8497
8498
8499
8503
8505
8511
8514
8515
8517
8521
8522
8526
8527
8535
8538
8539
8541
8545
8546
8547
8548
8549
8550
8551
8552
8556
8559
8560
8563
8567
8568
8571
8574
8577
8586
8593
8596
8597
8599
8604
8609
8610
8611
8615
8618
8621
8625
8626
8630
8632
8634
8643
8644
8647
8652
8653
8657
8658
8659
8662
8664
8672
8674
8677
8678
8679
8683
8687
8690
8695
8699
8705
8709
8710
8713
8717
8718
8720
8723
8724
8731
8732
8734
8735
8740
8741
8744
8745
8750
8752
8754
8758
8765
8769
8772
8773
8775
8777
8780
8781
8782
8783
8784
8786
8790
8791
8792
8797
8798
8801
8802
8809
8812
8819
8820
8828
8832
8833
8834
8838
8839
8840
8845
8847
8855
8857
8859
8861
8863
8868
8871
8879
8881
8883
8884
8885
8887
8889
8890
8895
8896
8897
8898
8902
8903
8906
8910
8915
8919
8922
8926
8932
8935
8938
8940
8943
8945
8949
8951
8952
8953
8954
8961
8962
8966
8967
8969
8975
8976
8977
8978
8985
8997
8998
8999
9000
9002
9003
9005
9009
9011
9012
9016
9025
9030
9061
9063
9065
9075
9076
9077
9079
9084
9085
9087
9094
9095
9099
9101
9102
9106
9108
9113
9114
9115
9118
9119
9120
9127
9128
9135
9136
9139
9144
9145
9146
9153
9154
9157
9160
9162
9165
9166
9168
9170
9173
9178
9179
9180
9181
9184
9186
9194
9195
9196
9197
9202
9207
9208
9209
9217
9220
9223
9226
9234
9238
9239
9241
9242
9243
9246
9248
9250
9252
9253
9258
9259
9262
9264
9267
9269
9271
9272
9287
9293
9295
9297
9300
9305
9306
9308
9309
9311
9317
9320
9321
9323
9325
9326
9329
9332
9334
9335
9336
9337
9338
9339
9341
9344
9346
9352
9356
9357
9359
9362
9364
9366
9372
9378
9379
9384
9385
9387
9389
9393
9394
9398
9402
9412
9419
9420
9424
9431
9439
9451
9452
9455
9464
9469
9470
9474
9477
9482
9485
9486
9487
9489
9492
9493
9494
9495
9496
9497
9499
9504
9505
9518
9521
9526
9530
9531
9534
9535
9543
9544
9545
9552
9561
9564
9568
9569
9574
9577
9580
9582
9584
9590
9593
9596
9599
9601
9605
9608
9611
9613
9615
9616
9619
9620
9621
9628
9629
9636
9643
9646
9649
9652
9659
9660
9662
9665
9667
9670
9671
9674
9675
9676
9686
9688
9689
9693
9698
9699
9703
9706
9721
9722
9724
9725
9732
9735
9743
9745
9748
9751
9756
9759
9764
9765
9772
9776
9777
9778
9779
9782
9795
9797
9803
9809
9811
9817
9821
9830
9831
9833
9839
9843
9844
9854
9855
9859
9862
9863
9864
9866
9867
9869
9871
9872
9873
9876
9884
9886
9890
9891
9893
9894
9896
9897
9898
9899
9900
9902
9906
9908
9909
9913
9914
9917
9918
9920
9921
9923
9929
9930
9932
9936
9937
9939
9945
9946
9947
9948
9952
9966
9968
9973
9975
9982
9984
9987
9997
10003
10006
10015
10018
10019
10023
10029
10030
10035
10040
10045
10050
10051
10055
10056
10057
10062
10065
10066
10073
10077
10080
10082
10083
10095
10099
10100
10102
10107
10108
10109
10110
10111
10115
10119
10122
10123
10126
10128
10131
10136
10139
10142
10143
10145
10147
10148
10154
10156
10159
10174
10181
10186
10190
10191
10194
10196
10199
10200
10201
10206
10208
10210
10214
10215
10222
10227
10228
10230
10232
10234
10238
10239
10240
10251
10252
10253
10254
10257
10258
10259
10266
10267
10268
10271
10276
10278
10281
10284
10289
10298
10311
10315
10317
10319
10321
10322
10325
10331
10333
10336
10337
10338
10345
10352
10353
10359
10362
10363
10366
10371
10374
10376
10377
10378
10379
10380
10384
10387
10388
10389
10391
10392
10393
10395
10397
10399
10407
10411
10413
10414
10415
10423
10425
10426
10433
10438
10439
10440
10441
10443
10449
10451
10453
10462
10467
10471
10473
10480
10482
10485
10487
10488
10490
10501
10503
10508
10514
10516
10518
10520
10523
10524
10526
10527
10530
10532
10535
10537
10545
10547
10550
10551
10553
10562
10564
10565
10568
10570
10578
10579
10580
10581
10583
10584
10587
10588
10592
10594
10597
10599
10600
10602
10603
10612
10613
10616
10617
10622
10625
10631
10633
10635
10636
10638
10644
10646
10648
10651
10653
10660
10664
10666
10667
10669
10675
10678
10679
10682
10684
10685
10693
10694
10698
10699
10704
10708
10709
10713
10717
10719
10727
10729
10730
10738
10745
10752
10754
10755
10759
10765
10766
10767
10768
10771
10774
10783
10784
10785
10789
10790
10793
10795
10797
10803
10806
10807
10809
10812
10816
10817
10818
10820
10822
10830
10833
10837
10848
10852
10853
10854
10859
10866
10867
10870
10872
10873
10874
10875
10876
10877
10878
10879
10888
10889
10890
10891
10893
10894
10904
10906
10907
10908
10911
10918
10921
10929
10931
10933
10940
10945
10946
10948
10950
10952
10959
10962
10963
10967
10968
10972
10974
10975
10976
10979
10981
10983
10985
10991
10999
11000
11001
11002
11003
11004
11007
11013
11019
11024
11027
11029
11032
11033
11034
11044
11045
11047
11049
11055
11059
11061
11065
11073
11082
11083
11084
11085
11087
11093
11094
11099
11100
11105
11108
11110
11116
11123
11129
11134
11136
11140
11142
11143
11145
11146
11147
11150
11155
11157
11162
11163
11164
11169
11170
11172
11174
11178
11183
11184
11190
11191
11192
11204
11205
11208
11209
11213
11218
11219
11224
11225
11227
11228
11230
11231
11232
11233
11235
11237
11238
11240
11245
11248
11252
11256
11264
11266
11268
11277
11281
11291
11295
11296
11299
11302
11304
11307
11311
11313
11314
11315
11317
11319
11320
11321
11322
11329
11333
11335
11336
11341
11342
11343
11347
11356
11359
11366
11368
11373
11376
11378
11380
11384
11386
11387
11389
11393
11395
11398
11399
11407
11413
11419
11421
11423
11424
11428
11430
11438
11441
11447
11448
11452
11453
11454
11457
11458
11461
11467
11468
11476
11477
11478
11479
11480
11486
11489
11493
11495
11496
11501
11504
11507
11510
11511
11518
11524
11525
11526
11527
11528
11529
11536
11538
11540
11542
11543
11544
11546
11549
11551
11555
11556
11558
11559
11561
11570
11571
11574
11577
11578
11580
11583
11591
11603
11604
11613
11614
11621
11625
11626
11631
11632
11634
11635
11640
11645
11646
11648
11650
11658
11659
11665
11666
11669
11670
11671
11676
11680
11686
11692
11693
11695
11696
11702
11708
11711
11712
11714
11717
11718
11720
11726
11731
11736
11742
11744
11745
11746
11750
11760
11761
11762
11771
11775
11779
11780
11794
11795
11803
11804
11807
11809
11811
11817
11820
11826
11829
11830
11839
11841
11844
11848
11850
11853
11854
11859
11868
11870
11871
11876
11878
11879
11880
11884
11896
11899
11903
11908
11910
11913
11914
11921
11924
11925
11926
11927
11935
11938
11941
11943
11946
11951
11956
11957
11958
11961
11966
11969
11977
11978
11980
11984
11985
11986
11990
11992
11995
11996
11998
11999
12000
12001
12005
12006
12015
12021
12028
12029
12030
12036
12039
12048
12050
12051
12058
12059
12064
12068
12073
12077
12079
12085
12087
12088
12092
12093
12095
12108
12114
12115
12117
12126
12133
12135
12140
12144
12146
12147
12149
12150
12152
12153
12154
12161
12162
12163
12165
12166
12167
12169
12171
12179
12180
12187
12188
12189
12194
12195
12196
12200
12212
12218
12223
12225
12226
12227
12228
12229
12236
12239
12241
12242
12247
12249
12253
12254
12265
12272
12275
12278
12280
12284
12294
12295
12299
12300
12302
12303
12306
12309
12310
12312
12314
12315
12316
12318
12319
12321
12325
12328
12335
12336
12342
12343
12346
12347
12351
12355
12358
12365
12369
12371
12377
12380
12382
12386
12389
12395
12406
12407
12411
12413
12414
12417
12419
12421
12423
12427
12432
12433
12438
12444
12447
12450
12456
12457
12458
12461
12462
12463
12469
12472
12481
12485
12487
12488
12494
12495
12499
12501
12504
12505
12506
12507
12508
12512
12514
12516
12518
12520
12521
12525
12530
12538
12540
12541
12545
12548
12551
12555
12557
12559
12560
12566
12572
12573
12574
12575
12585
12590
12592
12594
12603
12607
12608
12612
12614
12615
12616
12618
12619
12622
12626
12628
12632
12633
12634
12635
12637
12640
12648
12650
12653
12655
12656
12658
12662
12663
12665
12666
12671
12676
12678
12681
12682
12684
12685
12692
12693
12694
12695
12697
12698
12701
12702
12708
12709
12712
12713
12718
12719
12726
12729
12731
12732
12734
12739
12740
12742
12743
12744
12745
12747
12751
12754
12755
12756
12759
12762
12765
12767
12774
12777
12779
12780
12784
12786
12787
12788
12790
12791
12793
12794
12796
12797
12799
12804
12806
12808
12810
12812
12823
12826
12827
12833
12837
12839
12841
12843
12845
12848
12853
12854
12862
12869
12870
12872
12873
12874
12877
12881
12883
12893
12895
12901
12906
12914
12917
12920
12921
12923
12924
12925
12926
12928
12929
12931
12932
12933
12936
12941
12943
12945
12953
12954
12958
12959
12960
12962
12964
12965
12967
12970
12971
12972
12975
12976
12978
12982
12985
12989
12991
12992
12994
13000
13001
13002
13004
13005
13007
13009
13019
13021
13023
13024
13027
13030
13033
13036
13038
13040
13042
13045
13049
13051
13056
13065
13067
13069
13073
13082
13083
13090
13098
13100
13104
13109
13111
13113
13114
13116
13117
13119
13130
13131
13132
13133
13134
13138
13143
13144
13147
13150
13152
13156
13161
13164
13168
13170
13176
13177
13178
13181
13185
13186
13191
13193
13194
13197
13199
13201
13202
13205
13210
13219
13224
13225
13231
13233
13241
13242
13246
13247
13248
13254
13255
13259
13261
13271
13273
13274
13284
13288
13291
13293
13294
13299
13300
13306
13312
13316
13320
13321
13323
13324
13326
13327
13330
13331
13333
13337
13341
13346
13349
13350
13351
13352
13364
13369
13375
13379
13387
13389
13390
13391
13392
13395
13397
13399
13412
13414
13415
13416
13417
13420
13421
13424
13426
13427
13428
13431
13433
13435
13436
13437
13438
13439
13448
13449
13450
13452
13453
13461
13462
13465
13466
13469
13471
13472
13475
13481
13486
13487
13489
13491
13492
13495
13499
13504
13505
13506
13510
13511
13512
13515
13521
13524
13527
13529
13530
13531
13534
13537
13541
13544
13547
13549
13552
13555
13556
13558
13561
13565
13567
13570
13571
13573
13577
13581
13582
13584
13585
13588
13592
13595
13599
13601
13605
13606
13607
13615
13616
13617
13621
13622
13623
13624
13627
13631
13632
13635
13638
13639
13644
13646
13650
13658
13659
13663
13665
13670
13672
13675
13684
13690
13691
13692
13695
13697
13702
13703
13704
13705
13710
13711
13712
13713
13718
13720
13721
13723
13727
13732
13733
13738
13741
13745
13747
13754
13756
13757
13759
13765
13766
13768
13771
13773
13774
13776
13777
13780
13783
13787
13793
13795
13797
13802
13803
13806
13809
13810
13813
13820
13823
13826
13834
13836
13842
13845
13846
13847
13849
13851
13852
13855
13861
13866
13876
13877
13879
13881
13883
13885
13889
13891
13894
13895
13898
13899
13901
13905
13907
13908
13909
13912
13914
13916
13917
13919
13920
13922
13925
13926
13929
13930
13932
13933
13934
13935
13937
13938
13939
13945
13946
13950
13953
13956
13966
13967
13968
13976
13978
13982
13984
13985
13989
13991
13992
13994
13996
13997
13998
14008
14013
14016
14017
14032
14036
14041
14044
14045
14048
14050
14052
14054
14055
14056
14058
14059
14061
14073
14084
14087
14091
14092
14095
14096
14101
14102
14103
14105
14107
14108
14109
14111
14114
14116
14117
14123
14131
14133
14134
14135
14140
14146
14153
14154
14163
14166
14180
14182
14185
14194
14200
14205
14206
14209
14212
14214
14216
14217
14222
14224
14227
14228
14230
14238
14239
14243
14247
14250
14253
14254
14256
14259
14263
14269
14271
14274
14275
14276
14278
14281
14284
14286
14290
14293
14294
14304
14306
14307
14310
14311
14312
14314
14319
14320
14321
14329
14333
14339
14341
14346
14347
14350
14357
14365
14366
14370
14375
14384
14385
14387
14394
14395
14396
14407
14410
14412
14419
14421
14422
14424
14425
14429
14430
14431
14433
14435
14437
14441
14448
14450
14452
14454
14465
14468
14470
14472
14474
14476
14478
14484
14488
14494
14498
14505
14506
14513
14514
14515
14518
14520
14522
14525
14526
14527
14529
14532
14534
14539
14542
14557
14563
14567
14570
14582
14589
14595
14601
14607
14615
14618
14620
14623
14628
14629
14633
14638
14639
14647
14651
14655
14656
14657
14660
14661
14666
14669
14672
14675
14676
14685
14689
14690
14691
14694
14696
14697
14702
14703
14705
14710
14716
14721
14726
14727
14729
14738
14742
14745
14751
14752
14757
14760
14764
14766
14769
14770
14773
14782
14786
14787
14788
14792
14794
14800
14804
14808
14811
14815
14817
14821
14827
14830
14833
14835
14836
14838
14840
14841
14843
14845
14847
14849
14850
14858
14861
14862
14865
14866
14877
14879
14885
14891
14894
14895
14897
14899
14900
14901
14902
14903
14904
14910
14911
14913
14915
14918
14920
14929
14933
14934
14936
14937
14939
14943
14944
14950
14964
14965
14973
14979
14980
14981
14984
14986
14989
14993
14997
14998
15001
15012
15013
15015
15022
15024
15036
15038
15039
15041
15042
15044
15049
15050
15054
15057
15061
15064
15065
15067
15069
15070
15073
15078
15085
15087
15088
15091
15093
15101
15102
15105
15106
15108
15113
15116
15120
15122
15123
15127
15132
15140
15144
15149
15151
15154
15155
15156
15160
15163
15164
15168
15170
15172
15175
15178
15183
15195
15201
15203
15205
15207
15208
15214
15217
15220
15223
15225
15226
15229
15230
15231
15232
15239
15240
15241
15244
15248
15249
15251
15252
15255
15257
15259
15261
15262
15263
15267
15271
15272
15273
15285
15288
15290
15292
15302
15315
15316
15317
15319
15341
15344
15345
15351
15356
15357
15359
15361
15363
15367
15372
15373
15374
15376
15387
15390
15396
15398
15401
15403
15415
15419
15421
15423
15430
15431
15432
15435
15439
15441
15442
15449
15454
15455
15460
15465
15466
15470
15474
15481
15482
15483
15487
15489
15491
15496
15502
15512
15513
15515
15516
15517
15519
15523
15524
15525
15527
15529
15532
15534
15539
15541
15542
15544
15549
15555
15556
15557
15561
15565
15567
15570
15571
15572
15578
15579
15585
15587
15597
15599
15600
15603
15610
15612
15614
15616
15618
15622
15624
15628
15629
15631
15632
15638
15641
15642
15644
15645
15649
15654
15655
15665
15666
15674
15676
15679
15680
15684
15688
15689
15690
15700
15702
15704
15705
15707
15708
15709
15710
15718
15719
15721
15725
15726
15732
15734
15735
15738
15739
15742
15748
15749
15752
15755
15758
15760
15762
15764
15767
15770
15775
15777
15783
15786
15788
15793
15796
15799
15800
15804
15805
15806
15812
15813
15821
15822
15825
15828
15835
15836
15839
15843
15848
15850
15851
15853
15856
15858
15859
15860
15862
15864
15866
15867
15868
15872
15877
15883
15885
15887
15888
15889
15900
15906
15908
15914
15917
15918
15924
15926
15927
15932
15933
15934
15935
15937
15940
15950
15959
15960
15966
15968
15970
15973
15974
15977
15983
15988
15989
15991
15994
15996
15997
16003
16005
16009
16011
16013
16014
16015
16022
16024
16026
16033
16034
16037
16043
16044
16045
16046
16047
16053
16059
16060
16064
16066
16068
16069
16071
16072
16074
16081
16084
16090
16092
16093
16094
16098
16099
16103
16111
16115
16116
16120
16122
16123
16126
16127
16129
16132
16141
16144
16147
16148
16150
16151
16155
16163
16171
16175
16179
16186
16188
16190
16191
16195
16196
16198
16199
16201
16202
16203
16205
16208
16210
16214
16215
16216
16217
16220
16221
16222
16224
16225
16228
16234
16241
16242
16243
16249
16254
16258
16259
16262
16265
16268
16281
16283
16285
16295
16296
16298
16302
16303
16307
16308
16309
16318
16319
16322
16324
16336
16350
16352
16356
16357
16362
16363
16373
16375
16379
16381
16387
16393
16398
16399
16402
16412
16415
16417
16419
16420
16421
16431
16439
16446
16452
16460
16463
16469
16471
16474
16475
16478
16479
16482
16483
16484
16485
16489
16501
16503
16506
16509
16515
16518
16520
16521
16523
16532
16538
16539
16540
16543
16544
16546
16551
16559
16561
16564
16570
16578
16582
16586
16591
16593
16594
16605
16615
16618
16620
16624
16627
16628
16629
16632
16643
16648
16654
16656
16657
16658
16659
16665
16667
16669
16674
16675
16677
16679
16683
16684
16686
16689
16690
16692
16696
16699
16700
16704
16705
16706
16709
16710
16712
16713
16714
16715
16722
16736
16740
16747
16750
16753
16755
16760
16772
16775
16777
16778
16779
16780
16782
16783
16784
16785
16787
16792
16795
16798
16799
16807
16809
16813
16817
16821
16823
16824
16835
16837
16843
16846
16848
16849
16854
16859
16864
16875
16877
16878
16879
16881
16883
16886
16894
16896
16905
16908
16911
16914
16921
16922
16924
16925
16930
16934
16940
16943
16946
16949
16955
16956
16958
16962
16966
16974
16977
16978
16980
16985
16987
16988
16990
16991
16992
16997
17005
17007
17010
17011
17013
17014
17017
17020
17024
17026
17028
17032
17034
17035
17037
17040
17041
17047
17050
17051
17054
17055
17056
17058
17059
17064
17074
17076
17080
17082
17083
17084
17086
17088
17093
17094
17095
17096
17100
17102
17106
17107
17109
17111
17112
17118
17119
17120
17121
17131
17136
17138
17139
17145
17150
17152
17158
17160
17165
17172
17174
17180
17183
17187
17189
17192
17199
17201
17204
17206
17208
17209
17217
17220
17222
17223
17227
17230
17231
17233
17235
17239
17242
17245
17246
17253
17254
17255
17262
17267
17269
17270
17274
17286
17288
17294
17300
17308
17318
17319
17320
17322
17325
17326
17327
17328
17331
17334
17335
17336
17337
17340
17341
17344
17347
17355
17365
17366
17373
17383
17387
17394
17398
17401
17402
17404
17412
17415
17416
17417
17421
17422
17423
17426
17432
17442
17446
17447
17451
17454
17458
17460
17463
17464
17468
17475
17476
17479
17481
17486
17493
17496
17500
17508
17511
17516
17518
17519
17526
17529
17530
17533
17536
17541
17543
17544
17549
17558
17560
17562
17564
17565
17567
17568
17571
17573
17574
17575
17580
17583
17584
17587
17588
17590
17592
17594
17595
17598
17600
17602
17606
17617
17622
17627
17632
17635
17636
17637
17638
17641
17645
17647
17648
17650
17662
17670
17671
17672
17682
17686
17689
17692
17699
17700
17701
17709
17710
17713
17716
17725
17727
17728
17729
17735
17737
17738
17741
17742
17743
17746
17751
17755
17761
17768
17771
17776
17784
17785
17787
17788
17789
17790
17791
17792
17800
17801
17802
17803
17804
17806
17809
17816
17819
17820
17825
17827
17833
17836
17838
17839
17841
17848
17873
17874
17876
17883
17885
17886
17887
17894
17898
17899
17900
17912
17918
17919
17921
17925
17926
17928
17930
17932
17933
17934
17935
17938
17943
17948
17953
17958
17959
17962
17963
17965
17969
17970
17976
17983
17987
17989
17990
17996
17999
18000
18002
18004
18005
18007
18008
18009
18010
18012
18013
18015
18018
18020
18024
18025
18026
18027
18031
18036
18038
18041
18047
18052
18053
18059
18063
18065
18068
18069
18076
18078
18081
18087
18094
18096
18099
18101
18102
18104
18107
18109
18113
18114
18116
18121
18125
18126
18134
18136
18137
18140
18142
18147
18153
18155
18157
18159
18168
18170
18173
18180
18181
18184
18189
18194
18197
18204
18205
18206
18207
18208
18209
18210
18213
18219
18222
18223
18224
18228
18231
18232
18235
18238
18243
18247
18248
18249
18254
18257
18258
18259
18262
18265
18267
18269
18270
18271
18272
18274
18275
18277
18280
18282
18283
18292
18293
18294
18298
18301
18303
18312
18314
18320
18329
18330
18332
18337
18342
18344
18345
18347
18348
18349
18360
18364
18366
18368
18369
18380
18382
18384
18385
18387
18389
18391
18400
18402
18403
18404
18405
18411
18412
18415
18417
18418
18421
18422
18423
18425
18427
18428
18432
18433
18435
18438
18440
18441
18445
18446
18449
18450
18452
18455
18463
18464
18465
18466
18471
18473
18474
18476
18478
18479
18480
18482
18486
18499
18501
18503
18507
18513
18517
18521
18522
18524
18525
18526
18529
18531
18533
18537
18544
18546
18547
18548
18549
18554
18562
18578
18582
18585
18586
18589
18595
18605
18606
18610
18618
18636
18637
18638
18642
18644
18645
18648
18649
18652
18657
18659
18661
18662
18675
18677
18679
18682
18683
18688
18689
18691
18704
18708
18710
18712
18713
18714
18717
18721
18731
18735
18737
18738
18740
18743
18746
18747
18751
18753
18756
18758
18759
18760
18763
18764
18770
18771
18772
18774
18777
18778
18783
18784
18786
18787
18792
18793
18797
18798
18799
18804
18808
18809
18812
18813
18817
18821
18822
18823
18825
18826
18827
18829
18830
18831
18832
18833
18836
18837
18841
18843
18848
18857
18860
18870
18872
18873
18874
18877
18879
18880
18881
18886
18889
18890
18893
18896
18898
18900
18902
18906
18907
18908
18910
18911
18913
18915
18917
18920
18923
18924
18928
18933
18936
18937
18940
18942
18944
18952
18962
18963
18975
18979
18980
18981
18984
18987
18992
18993
18995
18996
18997
19005
19006
19008
19010
19013
19014
19015
19020
19021
19023
19025
19030
19031
19034
19035
19036
19037
19039
19045
19046
19049
19053
19060
19061
19062
19065
19070
19073
19075
19077
19079
19083
19085
19086
19087
19094
19095
19096
19099
19103
19105
19111
19112
19113
19115
19116
19119
19123
19125
19128
19129
19131
19135
19140
19142
19151
19156
19157
19158
19161
19163
19168
19169
19170
19178
19181
19198
19200
19201
19202
19203
19204
19207
19208
19212
19215
19220
19224
19231
19232
19234
19238
19241
19242
19243
19250
19251
19253
19254
19257
19258
19261
19262
19266
19271
19274
19281
19284
19287
19291
19293
19298
19299
19304
19306
19308
19311
19314
19317
19318
19319
19320
19322
19323
19324
19330
19338
19341
19342
19345
19346
19349
19350
19353
19354
19361
19366
19369
19377
19378
19382
19385
19387
19388
19390
19392
19395
19397
19398
19404
19406
19408
19409
19411
19419
19424
19427
19428
19429
19430
19433
19434
19437
19438
19439
19440
19441
19443
19447
19448
19454
19455
19458
19460
19462
19464
19465
19466
19467
19468
19473
19474
19475
19477
19479
19480
19489
19490
19491
19492
19494
19496
19499
19500
19501
19504
19515
19521
19526
19529
19530
19533
19541
19551
19553
19556
19562
19567
19568
19569
19570
19574
19578
19580
19581
19583
19585
19586
19588
19590
19592
19593
19595
19596
19598
19599
19603
19609
19614
19616
19621
19623
19625
19626
19627
19633
19634
19638
19642
19645
19648
19650
19654
19659
19661
19662
19664
19665
19673
19678
19680
19681
19686
19689
19690
19696
19701
19705
19708
19709
19715
19718
19719
19720
19722
19723
19724
19728
19734
19743
19745
19746
19750
19757
19760
19761
19762
19763
19768
19770
19773
19776
19780
19783
19788
19791
19792
19793
19794
19797
19798
19800
19806
19807
19809
19813
19814
19816
19819
19820
19822
19825
19827
19828
19829
19831
19832
19835
19838
19841
19843
19847
19850
19854
19855
19861
19862
19865
19873
19874
19876
19884
19887
19891
19893
19902
19903
19909
19911
19914
19917
19925
19927
19931
19937
19938
19940
19941
19946
19948
19950
19951
19954
19957
19958
19959
19961
19965
19966
19968
19969
19970
19971
19972
19974
19976
19977
19978
19981
19983
19984
19988
19991
19998
20000
20001
20003
20012
20015
20017
20032
20041
20042
20043
20045
20046
20050
20052
20053
20055
20057
20059
20062
20063
20065
20068
20069
20076
20078
20080
20083
20084
20085
20087
20091
20093
20096
20099
20105
20107
20112
20116
20121
20132
20140
20143
20144
20145
20146
20148
20150
20153
20156
20162
20167
20168
20170
20176
20177
20179
20183
20185
20189
20190
20192
20196
20198
20205
20212
20214
20217
20219
20225
20227
20228
20230
20233
20240
20241
20249
20258
20259
20261
20263
20264
20267
20272
20274
20275
20278
20280
20285
20294
20296
20299
20301
20305
20310
20312
20314
20319
20322
20323
20325
20326
20329
20335
20340
20341
20348
20353
20356
20360
20361
20362
20365
20368
20370
20372
20374
20376
20378
20380
20384
20389
20391
20397
20399
20401
20410
20412
20413
20416
20417
20419
20420
20421
20422
20429
20434
20441
20446
20447
20451
20455
20456
20457
20458
20459
20466
20469
20474
20481
20484
20491
20495
20496
20497
20502
20508
20509
20519
20525
20528
20529
20531
20532
20533
20541
20546
20552
20556
20560
20562
20563
20566
20568
20569
20571
20572
20576
20577
20580
20585
20586
20591
20594
20595
20603
20604
20610
20612
20614
20619
20623
20625
20628
20647
20651
20653
20654
20656
20663
20665
20666
20671
20676
20680
20685
20692
20694
20695
20696
20698
20699
20702
20703
20704
20709
20712
20718
20719
20720
20724
20727
20728
20730
20732
20736
20740
20741
20742
20744
20745
20746
20748
20749
20751
20756
20757
20760
20761
20762
20766
20768
20772
20776
20778
20780
20781
20783
20792
20798
20801
20804
20805
20806
20811
20812
20816
20836
20838
20843
20845
20846
20850
20859
20860
20867
20874
20877
20885
20886
20890
20893
20894
20906
20911
20913
20915
20917
20918
20923
20925
20926
20930
20934
20945
20947
20952
20962
20963
20964
20967
20968
20969
20971
20974
20978
20980
20986
20988
20989
20995
20996
20997
20998
21001
21006
21009
21013
21017
21020
21021
21022
21030
21034
21038
21041
21044
21046
21051
21055
21059
21067
21069
21072
21073
21080
21081
21083
21085
21086
21090
21094
21096
21098
21099
21106
21108
21109
21110
21111
21115
21116
21117
21118
21119
21121
21122
21123
21127
21128
21137
21139
21142
21145
21152
21153
21159
21163
21166
21167
21169
21172
21174
21176
21177
21178
21180
21181
21184
21185
21190
21191
21195
21198
21201
21202
21206
21211
21213
21214
21219
21221
21222
21224
21225
21230
21231
21233
21235
21239
21243
21248
21249
21253
21254
21255
21256
21258
21264
21267
21268
21275
21276
21278
21279
21280
21281
21286
21287
21293
21295
21296
21298
21305
21307
21308
21312
21314
21316
21320
21321
21323
21324
21327
21331
21332
21334
21335
21337
21338
21341
21344
21347
21350
21352
21354
21355
21359
21363
21365
21369
21374
21377
21387
21388
21389
21390
21392
21399
21404
21407
21408
21409
21421
21423
21426
21434
21438
21444
21451
21452
21454
21457
21461
21462
21466
21467
21475
21476
21478
21487
21493
21498
21502
21503
21505
21516
21522
21529
21531
21536
21542
21543
21544
21547
21551
21552
21553
21562
21564
21565
21567
21568
21573
21577
21579
21581
21592
21597
21602
21603
21605
21611
21614
21623
21624
21629
21634
21635
21639
21646
21650
21653
21654
21661
21662
21665
21666
21667
21670
21677
21683
21686
21687
21693
21699
21701
21703
21707
21717
21720
21721
21726
21728
21733
21739
21742
21745
21746
21748
21749
21751
21755
21758
21760
21763
21769
21775
21783
21785
21786
21787
21788
21789
21790
21791
21793
21795
21798
21799
21800
21802
21804
21813
21820
21823
21829
21831
21835
21836
21837
21842
21855
21858
21859
21861
21862
21863
21867
21869
21870
21875
21877
21878
21889
21892
21895
21899
21900
21901
21909
21910
21912
21915
21918
21919
21920
21922
21925
21926
21929
21930
21932
21935
21940
21941
21942
21945
21946
21949
21950
21954
21957
21964
21966
21969
21973
21986
21987
21990
21992
21993
21994
22000
22001
22007
22009
22014
22017
22026
22027
22028
22029
22030
22031
22033
22036
22037
22038
22039
22041
22043
22044
22045
22046
22050
22053
22055
22057
22058
22059
22060
22066
22067
22068
22069
22072
22074
22077
22082
22083
22087
22089
22090
22093
22095
22108
22113
22114
22118
22120
22136
22138
22140
22146
22151
22154
22156
22164
22168
22169
22171
22175
22176
22183
22186
22189
22190
22191
22195
22203
22207
22208
22209
22211
22216
22217
22225
22227
22229
22233
22237
22238
22243
22246
22248
22249
22257
22259
22261
22262
22264
22268
22273
22275
22277
22278
22279
22285
22286
22288
22289
22291
22296
22298
22299
22300
22314
22317
22330
22337
22339
22340
22343
22344
22345
22348
22351
22352
22353
22355
22356
22358
22362
22363
22364
22367
22372
22373
22381
22384
22401
22403
22404
22405
22406
22407
22411
22419
22425
22426
22428
22432
22435
22441
22443
22445
22447
22448
22451
22458
22460
22465
22469
22470
22475
22478
22481
22482
22484
22486
22487
22491
22493
22494
22496
22499
22500
22502
22508
22509
22511
22514
22522
22523
22529
22530
22531
22534
22535
22537
22538
22539
22540
22547
22549
22555
22557
22559
22560
22562
22567
22570
22573
22574
22583
22586
22594
22597
22599
22604
22612
22614
22615
22619
22620
22622
22626
22629
22630
22631
22638
22642
22648
22655
22657
22661
22663
22666
22669
22679
22682
22683
22685
22690
22692
22696
22700
22703
22709
22711
22714
22716
22718
22719
22723
22724
22727
22729
22737
22738
22739
22743
22744
22747
22754
22756
22757
22758
22759
22763
22764
22770
22776
22778
22784
22785
22786
22788
22791
22793
22797
22801
22807
22808
22809
22814
22817
22820
22821
22823
22826
22830
22833
22835
22839
22840
22847
22849
22851
22852
22853
22855
22856
22861
22862
22863
22864
22868
22873
22874
22880
22882
22883
22890
22892
22894
22897
22898
22899
22901
22902
22904
22910
22914
22920
22921
22922
22932
22933
22937
22938
22939
22940
22944
22945
22951
22952
22955
22958
22962
22964
22966
22975
22979
22981
22984
22989
22995
23000
23009
23010
23011
23012
23015
23016
23023
23025
23029
23030
23032
23042
23044
23045
23048
23050
23052
23056
23058
23062
23065
23066
23075
23077
23079
23085
23087
23090
23091
23092
23094
23095
23103
23107
23112
23120
23122
23123
23127
23131
23132
23133
23134
23135
23145
23148
23149
23151
23154
23158
23160
23161
23166
23167
23168
23172
23173
23174
23175
23177
23179
23182
23188
23189
23191
23195
23197
23202
23203
23204
23207
23212
23213
23225
23227
23229
23231
23234
23237
23239
23243
23246
23248
23249
23254
23257
23258
23261
23265
23267
23273
23274
23275
23277
23280
23281
23288
23289
23290
23292
23294
23295
23297
23298
23300
23302
23304
23308
23310
23312
23314
23316
23317
23319
23326
23328
23331
23333
23334
23336
23337
23340
23341
23342
23347
23350
23352
23356
23359
23360
23365
23368
23370
23374
23375
23379
23383
23390
23391
23392
23400
23402
23405
23407
23409
23417
23422
23426
23429
23435
23436
23447
23448
23454
23455
23456
23459
23471
23476
23477
23482
23483
23491
23493
23495
23496
23498
23500
23503
23508
23511
23514
23518
23523
23525
23526
23529
23533
23538
23544
23547
23549
23558
23560
23567
23572
23573
23574
23575
23577
23578
23582
23596
23599
23601
23603
23604
23606
23608
23618
23620
23625
23626
23630
23631
23635
23638
23639
23640
23641
23642
23645
23654
23660
23662
23663
23669
23679
23684
23694
23696
23698
23699
23701
23705
23706
23716
23718
23719
23723
23726
23728
23730
23734
23735
23737
23742
23745
23746
23750
23751
23753
23754
23766
23771
23774
23775
23776
23777
23780
23782
23783
23784
23785
23787
23789
23792
23794
23796
23804
23806
23812
23818
23821
23825
23827
23829
23831
23839
23843
23845
23857
23860
23865
23869
23872
23876
23878
23879
23884
23891
23893
23894
23896
23898
23900
23904
23907
23908
23909
23912
23915
23918
23923
23926
23927
23931
23932
23933
23937
23940
23943
23947
23948
23950
23953
23957
23958
23962
23964
23965
23966
23970
23971
23975
23976
23977
23979
23980
23983
23994
24001
24003
24005
24009
24013
24017
24022
24023
24024
24025
24032
24033
24034
24037
24040
24045
24047
24051
24053
24059
24060
24068
24072
24076
24079
24080
24081
24091
24098
24101
24102
24103
24104
24108
24109
24112
24117
24121
24123
24132
24133
24134
24135
24136
24139
24140
24145
24148
24151
24154
24158
24160
24162
24163
24164
24174
24179
24180
24181
24184
24191
24195
24206
24209
24214
24216
24221
24223
24232
24239
24243
24244
24252
24259
24261
24263
24271
24272
24276
24277
24281
24282
24291
24295
24302
24303
24306
24311
24313
24314
24316
24323
24325
24328
24333
24334
24338
24339
24341
24344
24345
24349
24351
24354
24363
24365
24366
24368
24369
24371
24373
24375
24376
24381
24383
24389
24392
24394
24397
24401
24402
24403
24405
24406
24412
24416
24417
24427
24433
24434
24437
24438
24439
24441
24445
24447
24456
24457
24460
24468
24469
24474
24476
24477
24478
24482
24483
24487
24491
24493
24494
24495
24499
24505
24506
24508
24509
24511
24515
24517
24523
24524
24530
24531
24541
24542
24549
24552
24554
24560
24561
24565
24571
24572
24576
24580
24582
24591
24592
24593
24594
24595
24598
24599
24602
24603
24604
24607
24608
24609
24611
24613
24616
24617
24618
24619
24620
24621
24623
24625
24626
24627
24629
24631
24632
24633
24634
24635
24637
24638
24639
24641
24647
24650
24651
24658
24660
24665
24669
24672
24676
24679
24680
24682
24687
24691
24692
24697
24703
24707
24712
24713
24718
24720
24725
24726
24733
24734
24745
24746
24747
24751
24754
24755
24758
24761
24766
24768
24769
24772
24774
24777
24789
24793
24796
24797
24801
24804
24806
24811
24812
24818
24819
24821
24825
24828
24830
24832
24839
24842
24843
24844
24847
24852
24857
24861
24862
24863
24879
24884
24890
24892
24893
24894
24897
24901
24903
24904
24906
24907
24915
24921
24930
24934
24936
24942
24943
24944
24949
24950
24953
24956
24959
24964
24965
24973
24976
24980
24983
24989
24997
24999
25000
25002
25009
25011
25012
25013
25020
25021
25022
25024
25031
25036
25039
25042
25051
25054
25063
25065
25067
25071
25073
25080
25081
25086
25090
25092
25094
25098
25099
25102
25104
25105
25111
25114
25116
25117
25119
25120
25123
25135
25137
25141
25142
25143
25147
25148
25160
25161
25164
25166
25170
25184
25185
25187
25191
25193
25207
25215
25221
25225
25228
25231
25241
25242
25243
25244
25246
25248
25249
25254
25256
25258
25259
25266
25271
25272
25274
25278
25279
25292
25293
25294
25296
25297
25303
25306
25307
25309
25310
25316
25319
25320
25321
25322
25325
25326
25328
25331
25332
25334
25337
25339
25340
25345
25351
25352
25353
25354
25363
25365
25369
25370
25371
25374
25375
25381
25384
25387
25390
25396
25399
25403
25405
25410
25411
25412
25419
25422
25424
25425
25427
25429
25430
25433
25438
25442
25448
25449
25451
25452
25458
25459
25460
25461
25468
25473
25481
25482
25484
25485
25486
25488
25491
25492
25499
25502
25503
25504
25509
25515
25518
25519
25522
25530
25538
25540
25542
25547
25548
25552
25554
25556
25557
25559
25562
25564
25567
25572
25573
25576
25577
25583
25585
25586
25589
25590
25593
25594
25595
25600
25603
25611
25613
25614
25621
25622
25625
25630
25640
25644
25648
25649
25650
25651
25652
25658
25659
25664
25665
25673
25674
25676
25680
25681
25687
25689
25695
25699
25702
25705
25707
25708
25715
25716
25720
25723
25725
25726
25730
25737
25740
25743
25746
25748
25756
25760
25764
25765
25769
25770
25774
25775
25776
25778
25781
25783
25793
25798
25805
25810
25812
25815
25816
25822
25823
25827
25832
25835
25840
25844
25845
25855
25856
25857
25863
25864
25866
25871
25872
25874
25877
25879
25882
25884
25886
25887
25888
25889
25890
25894
25897
25901
25902
25903
25904
25905
25906
25908
25909
25917
25921
25922
25923
25925
25926
25928
25929
25933
25939
25940
25946
25947
25948
25952
25953
25955
25959
25971
25977
25978
25979
25980
25981
25984
25987
25997
26000
26001
26002
26003
26008
26010
26013
26017
26019
26021
26022
26023
26028
26030
26032
26037
26038
26040
26041
26042
26043
26049
26053
26061
26063
26067
26068
26070
26080
26083
26084
26091
26093
26098
26101
26105
26110
26114
26115
26116
26119
26126
26128
26135
26138
26140
26142
26145
26147
26148
26150
26155
26156
26162
26164
26166
26170
26172
26174
26181
26195
26198
26200
26203
26205
26211
26214
26217
26221
26222
26224
26231
26232
26233
26234
26237
26242
26245
26246
26248
26249
26255
26264
26267
26270
26272
26274
26275
26284
26290
26291
26297
26299
26300
26303
26304
26306
26307
26309
26312
26313
26317
26320
26326
26328
26329
26331
26336
26337
26343
26344
26345
26350
26353
26359
26360
26362
26367
26368
26369
26372
26376
26379
26383
26387
26388
26391
26395
26396
26399
26403
26405
26406
26410
26412
26416
26417
26422
26425
26428
26442
26443
26445
26446
26449
26453
26454
26458
26459
26460
26463
26468
26470
26472
26477
26480
26482
26485
26488
26489
26491
26492
26498
26502
26503
26505
26506
26507
26509
26510
26512
26514
26517
26518
26528
26533
26537
26541
26545
26547
26554
26558
26560
26561
26566
26569
26573
26579
26580
26585
26589
26594
26596
26597
26600
26607
26608
26614
26618
26621
26627
26631
26634
26639
26640
26643
26644
26646
26654
26660
26666
26669
26671
26685
26688
26690
26694
26695
26696
26697
26703
26705
26708
26709
26712
26716
26717
26718
26719
26721
26723
26729
26730
26732
26734
26744
26745
26756
26759
26764
26766
26774
26775
26778
26782
26783
26787
26788
26789
26793
26798
26799
26802
26803
26808
26809
26811
26815
26817
26821
26830
26831
26833
26836
26838
26839
26842
26845
26849
26856
26860
26867
26872
26874
26878
26881
26882
26887
26894
26897
26904
26905
26906
26908
26912
26916
26918
26919
26920
26921
26927
26929
26931
26933
26935
26937
26945
26947
26948
26950
26951
26952
26953
26956
26960
26967
26968
26973
26974
26976
26987
26988
26991
26993
26994
27001
27002
27004
27005
27006
27009
27012
27013
27022
27029
27032
27036
27037
27040
27047
27049
27050
27051
27055
27056
27059
27060
27064
27067
27068
27072
27075
27086
27087
27090
27091
27094
27096
27100
27102
27106
27112
27113
27119
27121
27124
27125
27127
27129
27141
27143
27145
27148
27150
27153
27158
27165
27168
27182
27183
27184
27191
27192
27194
27195
27201
27203
27205
27207
27209
27210
27211
27212
27220
27221
27222
27224
27237
27241
27243
27244
27245
27247
27248
27253
27257
27285
27287
27290
27291
27292
27295
27297
27304
27305
27310
27312
27315
27325
27327
27328
27329
27330
27333
27336
27339
27350
27351
27357
27359
27360
27362
27364
27367
27373
27376
27388
27392
27393
27394
27395
27399
27404
27406
27410
27411
27412
27415
27417
27419
27420
27422
27424
27425
27430
27432
27433
27437
27438
27439
27441
27444
27445
27450
27461
27462
27474
27476
27479
27480
27482
27484
27485
27486
27487
27488
27499
27500
27501
27503
27504
27507
27508
27512
27514
27518
27523
27524
27525
27533
27539
27541
27543
27545
27561
27562
27563
27566
27568
27569
27570
27571
27573
27576
27577
27580
27581
27582
27586
27587
27589
27590
27591
27593
27594
27598
27600
27603
27604
27605
27606
27607
27609
27610
27612
27619
27620
27624
27626
27633
27634
27642
27643
27645
27648
27653
27664
27667
27670
27673
27676
27680
27685
27686
27690
27691
27693
27698
27699
27701
27705
27711
27712
27713
27718
27721
27723
27726
27733
27734
27737
27739
27741
27745
27746
27747
27748
27749
27750
27751
27752
27756
27759
27760
27761
27763
27766
27768
27771
27772
27783
27784
27787
27789
27791
27792
27794
27795
27796
27800
27803
27805
27808
27814
27817
27820
27823
27824
27826
27827
27828
27829
27832
27833
27834
27837
27840
27842
27843
27844
27851
27855
27856
27858
27863
27864
27868
27869
27876
27877
27879
27882
27883
27889
27890
27891
27894
27895
27897
27900
27905
27911
27912
27913
27919
27922
27924
27931
27932
27936
27940
27941
27944
27952
27957
27960
27966
27969
27981
27989
27996
28001
28002
28004
28005
28006
28008
28009
28011
28013
28017
28025
28027
28031
28037
28040
28042
28044
28045
28046
28047
28048
28049
28050
28051
28053
28054
28057
28065
28068
28069
28070
28071
28072
28075
28077
28078
28079
28083
28085
28089
28091
28092
28094
28104
28105
28112
28113
28117
28118
28119
28122
28130
28135
28139
28143
28144
28145
28151
28154
28156
28158
28160
28161
28164
28166
28168
28169
28170
28171
28172
28174
28176
28184
28186
28189
28190
28191
28193
28194
28196
28197
28199
28203
28207
28208
28215
28216
28217
28218
28223
28226
28227
28233
28236
28237
28238
28239
28240
28243
28244
28249
28251
28252
28253
28258
28268
28281
28285
28290
28292
28293
28294
28296
28301
28303
28305
28306
28312
28316
28317
28319
28322
28327
28328
28330
28337
28339
28346
28352
28353
28355
28356
28357
28359
28365
28369
28372
28373
28378
28384
28387
28388
28389
28390
28391
28397
28401
28403
28404
28405
28407
28417
28422
28423
28424
28428
28430
28433
28436
28450
28452
28455
28459
28461
28466
28469
28471
28472
28473
28474
28482
28483
28487
28489
28494
28502
28508
28512
28513
28515
28516
28517
28521
28523
28527
28529
28530
28540
28545
28547
28551
28553
28554
28558
28560
28561
28563
28564
28566
28567
28569
28573
28574
28577
28578
28580
28584
28587
28589
28590
28591
28592
28594
28595
28598
28605
28610
28611
28616
28617
28619
28620
28621
28624
28627
28634
28635
28638
28640
28650
28655
28656
28657
28660
28662
28664
28670
28675
28676
28678
28679
28682
28685
28694
28695
28696
28698
28703
28704
28706
28708
28710
28711
28713
28716
28717
28719
28721
28726
28728
28729
28730
28736
28748
28752
28753
28756
28765
28768
28776
28779
28783
28785
28788
28792
28794
28796
28801
28803
28805
28806
28816
28825
28826
28829
28833
28835
28836
28839
28841
28842
28843
28846
28847
28849
28850
28859
28860
28864
28865
28870
28871
28872
28876
28878
28881
28882
28888
28891
28894
28901
28902
28907
28913
28914
28916
28919
28920
28921
28925
28937
28938
28940
28942
28946
28955
28957
28959
28969
28973
28974
28975
28976
28977
28979
28983
28985
28988
28989
28993
28994
28995
29000
29004
29008
29013
29015
29024
29030
29031
29044
29045
29048
29053
29055
29057
29060
29061
29069
29072
29073
29074
29076
29079
29081
29082
29094
29096
29102
29103
29106
29107
29109
29113
29117
29119
29120
29122
29126
29129
29132
29133
29145
29147
29150
29152
29153
29155
29157
29163
29167
29170
29175
29179
29186
29188
29191
29192
29193
29194
29196
29201
29206
29210
29211
29218
29221
29223
29227
29232
29237
29238
29247
29254
29265
29271
29273
29278
29279
29282
29286
29296
29297
29301
29307
29310
29312
29316
29317
29318
29319
29320
29322
29324
29325
29327
29331
29333
29335
29338
29346
29349
29351
29354
29365
29371
29372
29373
29380
29381
29385
29386
29392
29394
29396
29401
29403
29408
29409
29411
29415
29416
29418
29422
29438
29442
29443
29448
29451
29458
29459
29463
29464
29465
29467
29469
29474
29475
29476
29479
29483
29487
29488
29489
29490
29493
29494
29496
29499
29501
29502
29503
29505
29506
29508
29516
29518
29522
29526
29527
29531
29536
29546
29547
29549
29550
29552
29554
29559
29561
29565
29568
29573
29574
29575
29577
29579
29586
29589
29594
29595
29599
29600
29601
29604
29613
29615
29617
29618
29623
29624
29627
29628
29632
29634
29641
29643
29646
29650
29654
29657
29667
29669
29673
29678
29680
29681
29683
29684
29685
29687
29693
29697
29698
29705
29707
29708
29718
29720
29722
29724
29734
29735
29736
29742
29750
29752
29753
29754
29757
29758
29761
29762
29763
29766
29767
29770
29772
29777
29781
29791
29792
29803
29804
29807
29815
29817
29818
29823
29825
29827
29829
29830
29832
29838
29839
29845
29846
29851
29854
29856
29865
29869
29870
29872
29877
29879
29880
29882
29887
29894
29896
29904
29905
29906
29908
29909
29910
29914
29916
29918
29929
29934
29938
29940
29943
29946
29947
29952
29954
29958
29959
29961
29963
29964
29969
29974
29975
29976
29977
29981
29986
29987
29990
29994
29996
29999
30000
30001
30004
30005
30008
30010
30019
30021
30024
30026
30027
30029
30030
30032
30033
30034
30041
30047
30048
30049
30050
30054
30059
30062
30063
30066
30067
30070
30071
30074
30076
30078
30081
30082
30083
30086
30088
30092
30093
30095
30097
30101
30102
30107
30110
30112
30118
30119
30120
30123
30126
30131
30137
30142
30143
30148
30150
30151
30153
30154
30158
30160
30162
30168
30171
30172
30173
30175
30177
30178
30179
30187
30193
30196
30199
30201
30202
30203
30204
30207
30208
30211
30217
30222
30230
30233
30235
30240
30242
30243
30244
30248
30256
30258
30262
30263
30264
30265
30268
30272
30276
30285
30288
30289
30290
30291
30293
30294
30296
30297
30299
30306
30307
30309
30311
30318
30319
30323
30326
30328
30330
30331
30338
30339
30344
30345
30350
30351
30352
30353
30360
30365
30366
30369
30378
30381
30382
30383
30384
30386
30388
30400
30401
30403
30405
30409
30411
30413
30418
30420
30421
30424
30431
30432
30435
30440
30447
30448
30451
30452
30454
30456
30458
30459
30462
30463
30464
30465
30466
30470
30471
30473
30478
30481
30482
30485
30486
30487
30488
30490
30492
30493
30495
30498
30501
30506
30508
30509
30518
30519
30524
30532
30534
30535
30542
30546
30549
30550
30551
30553
30560
30561
30562
30567
30568
30569
30571
30574
30575
30576
30580
30581
30583
30589
30591
30593
30595
30596
30597
30598
30602
30604
30607
30608
30610
30612
30613
30615
30618
30624
30628
30636
30645
30647
30648
30650
30653
30654
30655
30656
30661
30665
30669
30670
30671
30673
30674
30677
30679
30687
30688
30693
30695
30701
30702
30703
30709
30710
30714
30715
30718
30719
30720
30724
30725
30729
30730
30731
30732
30737
30738
30742
30745
30746
30747
30748
30750
30751
30753
30758
30760
30762
30767
30769
30770
30772
30778
30781
30783
30788
30789
30791
30792
30794
30796
30804
30805
30806
30810
30811
30812
30825
30828
30829
30832
30834
30835
30837
30839
30842
30844
30845
30848
30852
30854
30858
30862
30865
30872
30878
30879
30882
30883
30884
30885
30891
30895
30897
30901
30906
30913
30915
30917
30919
30921
30929
30933
30934
30938
30941
30944
30945
30947
30948
30950
30951
30955
30957
30959
30961
30962
30964
30966
30969
30974
30975
30982
30984
31005
31007
31008
31009
31010
31011
31015
31017
31018
31019
31020
31024
31027
31030
31045
31047
31053
31057
31060
31061
31062
31063
31065
31068
31069
31071
31074
31075
31076
31082
31083
31084
31085
31088
31092
31094
31095
31103
31106
31108
31114
31115
31116
31117
31120
31122
31129
31131
31136
31140
31152
31156
31157
31165
31168
31169
31171
31176
31182
31183
31187
31202
31203
31206
31207
31213
31214
31218
31219
31220
31221
31231
31237
31240
31241
31242
31248
31253
31256
31263
31267
31270
31271
31272
31273
31274
31276
31279
31280
31281
31282
31285
31293
31295
31299
31300
31304
31306
31313
31317
31319
31325
31326
31331
31336
31338
31339
31343
31347
31350
31351
31353
31355
31359
31360
31364
31368
31371
31373
31374
31375
31376
31377
31378
31381
31389
31394
31400
31401
31407
31408
31410
31413
31418
31419
31421
31428
31431
31432
31438
31440
31446
31447
31450
31453
31458
31459
31467
31469
31470
31474
31475
31477
31482
31484
31489
31491
31494
31496
31497
31515
31520
31524
31525
31529
31535
31536
31546
31548
31556
31558
31562
31564
31565
31569
31572
31577
31579
31580
31583
31588
31591
31600
31605
31607
31620
31621
31623
31625
31627
31629
31634
31636
31639
31643
31644
31648
31652
31653
31659
31665
31667
31673
31675
31677
31681
31682
31683
31684
31686
31691
31692
31697
31698
31700
31704
31711
31713
31715
31725
31735
31736
31741
31746
31753
31756
31760
31764
31768
31771
31776
31779
31782
31789
31792
31798
31804
31806
31807
31808
31819
31828
31829
31831
31832
31837
31839
31841
31844
31847
31850
31853
31855
31857
31859
31861
31866
31867
31877
31881
31882
31885
31886
31887
31888
31890
31895
31902
31903
31905
31910
31911
31912
31913
31914
31916
31917
31922
31924
31930
31931
31932
31935
31936
31939
31940
31943
31946
31947
31948
31949
31957
31959
31964
31965
31969
31973
31976
31978
31979
31981
31985
31990
31997
31998
31999
32004
32007
32009
32017
32027
32029
32031
32036
32042
32043
32044
32046
32051
32053
32057
32059
32061
32063
32064
32066
32071
32075
32080
32088
32090
32096
32102
32104
32105
32111
32112
32113
32115
32116
32119
32120
32124
32138
32146
32148
32158
32159
32161
32162
32163
32169
32170
32171
32172
32179
32182
32186
32189
32196
32199
32200
32211
32216
32218
32221
32223
32224
32226
32230
32232
32233
32237
32241
32242
32245
32248
32252
32253
32254
32256
32264
32265
32266
32270
32273
32274
32276
32283
32285
32286
32290
32296
32297
32303
32306
32311
32316
32320
32326
32333
32334
32341
32343
32349
32354
32360
32363
32364
32365
32366
32367
32370
32373
32377
32378
32383
32384
32385
32387
32388
32391
32392
32397
32399
32400
32401
32402
32405
32406
32407
32408
32410
32411
32415
32416
32422
32423
32425
32428
32430
32433
32437
32440
32441
32443
32451
32454
32459
32460
32463
32464
32465
32466
32476
32479
32480
32489
32492
32497
32499
32502
32504
32507
32508
32510
32515
32516
32517
32521
32525
32526
32531
32532
32537
32539
32541
32548
32549
32552
32553
32554
32556
32557
32559
32560
32563
32564
32565
32566
32569
32571
32574
32577
32579
32581
32582
32588
32589
32590
32591
32593
32596
32600
32601
32606
32610
32612
32616
32618
32620
32624
32625
32628
32634
32636
32637
32638
32642
32648
32652
32655
32657
32659
32664
32666
32668
32670
32681
32683
32686
32687
32693
32694
32700
32701
32703
32704
32708
32716
32720
32723
32729
32730
32732
32743
32745
32747
32749
32750
32751
32762
32767
32770
32775
32777
32784
32785
32792
32796
32800
32803
32805
32808
32815
32816
32820
32821
32828
32829
32833
32834
32836
32838
32842
32843
32850
32852
32855
32858
32864
32866
32868
32871
32873
32877
32879
32883
32886
32888
32892
32898
32904
32907
32917
32918
32923
32927
32935
32941
32943
32947
32952
32955
32959
32965
32967
32968
32970
32971
32972
32973
32975
32988
32990
32993
32999
33001
33007
33009
33012
33015
33017
33018
33024
33034
33044
33045
33049
33053
33059
33060
33062
33066
33069
33080
33084
33085
33087
33089
33090
33093
33095
33101
33102
33106
33108
33109
33110
33111
33123
33124
33125
33127
33134
33140
33142
33144
33145
33146
33147
33149
33160
33166
33169
33171
33177
33178
33181
33184
33186
33188
33189
33194
33197
33201
33202
33206
33209
33212
33216
33223
33231
33233
33234
33243
33244
33247
33248
33250
33252
33254
33256
33260
33261
33263
33264
33266
33269
33271
33272
33274
33277
33283
33284
33287
33290
33291
33292
33293
33295
33296
33300
33301
33310
33312
33316
33317
33318
33322
33323
33326
33328
33329
33336
33337
33347
33354
33355
33360
33364
33365
33369
33371
33383
33387
33388
33390
33391
33392
33393
33394
33403
33405
33409
33416
33422
33424
33425
33426
33427
33428
33430
33434
33435
33437
33440
33444
33448
33450
33451
33453
33459
33460
33463
33464
33465
33466
33471
33474
33475
33479
33491
33497
33500
33503
33505
33508
33511
33516
33517
33522
33524
33526
33534
33538
33540
33544
33549
33550
33556
33559
33560
33564
33568
33573
33577
33578
33581
33583
33590
33595
33600
33604
33605
33606
33607
33616
33617
33622
33625
33629
33635
33642
33651
33653
33654
33656
33659
33661
33662
33667
33671
33672
33675
33682
33685
33686
33687
33696
33699
33701
33705
33707
33710
33712
33713
33716
33725
33729
33736
33738
33740
33741
33746
33750
33754
33758
33761
33766
33767
33768
33772
33774
33777
33778
33779
33780
33781
33782
33785
33789
33794
33801
33804
33806
33811
33819
33824
33825
33830
33835
33838
33851
33853
33857
33859
33861
33863
33867
33872
33875
33881
33882
33885
33897
33898
33901
33904
33907
33908
33911
33915
33917
33918
33924
33926
33928
33929
33930
33937
33938
33946
33951
33953
33956
33957
33960
33962
33971
33974
33978
33980
33981
33984
33989
33994
34005
34006
34010
34011
34028
34036
34038
34041
34045
34047
34048
34050
34051
34052
34054
34057
34064
34069
34073
34075
34076
34081
34082
34086
34090
34091
34092
34097
34099
34103
34104
34105
34111
34112
34116
34119
34123
34125
34128
34129
34131
34135
34136
34138
34140
34141
34143
34144
34150
34152
34153
34161
34166
34170
34172
34176
34179
34180
34181
34184
34186
34187
34188
34189
34200
34203
34204
34210
34211
34217
34218
34224
34225
34227
34230
34232
34233
34237
34239
34242
34243
34245
34249
34252
34253
34255
34257
34258
34260
34276
34279
34280
34288
34290
34293
34295
34298
34299
34301
34302
34304
34309
34310
34315
34319
34322
34323
34328
34329
34330
34332
34333
34339
34340
34341
34343
34346
34347
34349
34351
34353
34354
34356
34367
34368
34372
34376
34378
34383
34387
34390
34401
34404
34405
34407
34410
34412
34416
34419
34420
34426
34430
34432
34438
34443
34445
34451
34453
34454
34457
34459
34462
34463
34465
34467
34470
34471
34472
34473
34482
34485
34488
34490
34494
34497
34499
34505
34506
34509
34511
34515
34516
34528
34529
34532
34535
34544
34546
34549
34550
34551
34557
34559
34560
34564
34566
34569
34571
34572
34575
34576
34584
34586
34589
34590
34591
34592
34596
34599
34600
34604
34606
34609
34610
34612
34614
34617
34619
34620
34623
34630
34633
34635
34636
34637
34640
34642
34643
34646
34647
34649
34651
34655
34656
34657
34660
34661
34667
34668
34669
34673
34674
34675
34677
34678
34679
34681
34685
34688
34691
34692
34694
34696
34697
34699
34702
34705
34707
34713
34714
34715
34722
34723
34725
34731
34732
34735
34737
34742
34743
34746
34750
34752
34753
34755
34763
34764
34773
34775
34778
34789
34791
34797
34799
34802
34804
34805
34806
34814
34816
34817
34823
34828
34831
34837
34839
34841
34842
34844
34848
34849
34861
34864
34866
34871
34874
34876
34877
34878
34880
34881
34882
34886
34889
34890
34894
34898
34899
34906
34908
34910
34911
34912
34915
34925
34926
34927
34928
34934
34936
34937
34939
34941
34944
34952
34953
34955
34959
34966
34972
34974
34979
34980
34982
34984
34985
34987
34992
34995
34996
34998
34999
35001
35006
35008
35012
35014
35020
35022
35024
35025
35026
35030
35035
35040
35045
35047
35048
35049
35050
35054
35055
35056
35057
35059
35064
35065
35071
35072
35074
35075
35080
35082
35083
35085
35089
35095
35096
35102
35109
35118
35121
35122
35124
35130
35137
35140
35141
35143
35146
35148
35151
35152
35154
35155
35156
35158
35161
35167
35171
35179
35181
35184
35190
35192
35196
35200
35202
35207
35211
35215
35216
35218
35221
35223
35224
35225
35228
35235
35239
35240
35244
35245
35246
35251
35254
35256
35258
35259
35265
35266
35267
35269
35271
35273
35275
35280
35288
35290
35294
35296
35297
35298
35299
35304
35306
35308
35309
35310
35311
35313
35314
35316
35325
35330
35334
35338
35340
35341
35345
35349
35355
35363
35364
35366
35367
35371
35377
35379
35386
35393
35399
35401
35402
35406
35417
35418
35421
35426
35432
35434
35436
35438
35444
35445
35448
35449
35450
35458
35465
35471
35472
35477
35481
35485
35486
35488
35493
35506
35515
35517
35519
35521
35523
35528
35533
35537
35541
35545
35552
35553
35554
35555
35556
35558
35561
35567
35568
35575
35579
35580
35582
35586
35588
35594
35596
35607
35608
35611
35613
35622
35623
35625
35626
35627
35628
35629
35630
35631
35635
35636
35648
35656
35658
35662
35663
35666
35667
35678
35679
35680
35684
35686
35694
35696
35698
35700
35701
35702
35704
35707
35708
35710
35715
35719
35720
35732
35733
35736
35743
35747
35748
35752
35753
35758
35759
35760
35762
35764
35765
35766
35767
35769
35770
35771
35773
35779
35780
35789
35790
35792
35797
35798
35799
35805
35807
35810
35812
35814
35816
35821
35822
35824
35832
35835
35838
35840
35844
35849
35854
35863
35864
35866
35870
35874
35884
35888
35889
35891
35894
35896
35900
35901
35903
35904
35905
35908
35912
35916
35921
35923
35925
35935
35938
35944
35946
35948
35950
35953
35960
35967
35973
35975
35976
35982
35988
35992
35999
36007
36009
36013
36016
36021
36023
36024
36027
36028
36030
36033
36037
36044
36053
36055
36059
36060
36066
36069
36072
36074
36075
36082
36090
36102
36115
36116
36118
36126
36128
36129
36130
36134
36137
36139
36140
36146
36147
36152
36158
36164
36165
36166
36167
36171
36174
36175
36176
36178
36179
36181
36184
36186
36187
36189
36193
36199
36202
36203
36207
36211
36216
36221
36222
36226
36227
36228
36229
36231
36235
36239
36242
36243
36249
36255
36263
36265
36266
36268
36269
36270
36271
36272
36275
36279
36286
36290
36293
36295
36300
36305
36306
36308
36311
36312
36315
36322
36323
36326
36327
36329
36332
36334
36338
36340
36342
36344
36345
36348
36350
36356
36359
36361
36362
36363
36376
36382
36383
36384
36387
36390
36392
36396
36397
36398
36403
36412
36413
36420
36422
36425
36426
36429
36431
36434
36435
36436
36441
36442
36443
36446
36450
36453
36458
36461
36462
36464
36467
36468
36469
36470
36471
36473
36481
36482
36484
36486
36488
36490
36494
36499
36500
36501
36503
36506
36509
36515
36517
36520
36522
36525
36527
36529
36532
36539
36542
36545
36546
36547
36548
36549
36553
36559
36560
36563
36564
36565
36567
36570
36572
36574
36583
36584
36586
36587
36588
36594
36598
36599
36604
36607
36608
36613
36614
36615
36619
36622
36625
36628
36629
36631
36632
36640
36644
36651
36653
36660
36662
36663
36671
36672
36674
36675
36677
36684
36688
36690
36691
36692
36698
36699
36700
36704
36709
36717
36719
36720
36722
36725
36727
36728
36731
36733
36737
36739
36742
36744
36746
36747
36750
36755
36764
36765
36766
36767
36769
36770
36771
36773
36774
36778
36780
36781
36790
36792
36796
36798
36799
36801
36802
36804
36806
36812
36817
36819
36823
36827
36834
36836
36840
36841
36843
36844
36851
36853
36854
36856
36861
36862
36865
36866
36867
36869
36874
36880
36882
36883
36884
36886
36890
36892
36894
36897
36904
36906
36909
36910
36915
36918
36920
36923
36925
36929
36933
36936
36938
36945
36948
36950
36959
36961
36964
36974
36975
36983
36986
36987
36991
36993
36995
36997
36998
37000
