50
132
139
143
160
446
457
464
491
498
541
569
628
696
788
803
817
838
958
991
1079
1092
1158
1169
1190
1203
1226
1272
1305
1322
1406
1438
1439
1442
1444
1491
1517
1638
1663
1664
1689
1749
1857
1902
1969
2053
2057
2109
2126
2138
2160
2178
2200
2227
2300
2307
2361
2429
2492
2577
2594
2631
2683
2700
2743
2772
2813
2826
2916
2963
3054
3170
3180
3231
3264
3341
3344
3358
3391
3420
3461
3670
3712
3735
3738
3771
3779
3794
3828
3834
3884
3897
3912
3951
3954
3996
4059
4091
4094
4103
4104
4124
4127
4164
4167
4195
4213
4233
4295
4303
4368
4393
4394
4404
4481
4584
4609
4629
4672
4718
4745
4789
4856
4928
5062
5078
5131
5147
5164
5196
5228
5237
5297
5310
5356
5454
5490
5498
5503
5556
5579
5739
5746
5818
5826
5849
5899
5906
6007
6034
6070
6073
6085
6093
6112
6166
6228
6296
6304
6338
6365
6367
6369
6417
6439
6446
6478
6514
6517
6542
6564
6590
6599
6610
6650
6728
6815
6848
6857
6943
6976
7003
7024
7058
7090
7094
7119
7152
7173
7195
7238
7310
7355
7367
7392
7528
7552
7662
7667
7669
7686
7709
7811
7824
7902
7912
7976
8039
8054
8085
8090
8124
8125
8200
8254
8291
8313
8436
8539
8545
8574
8618
8644
8662
8718
8724
8750
8764
8768
8807
8890
8943
8962
8967
9009
9042
9061
9065
9120
9180
9189
9246
9339
9362
9385
9393
9429
9492
9505
9534
9535
9556
9585
9624
9670
9731
9746
9777
9778
9792
9854
9867
9896
10051
10065
10108
10159
10199
10227
10250
10284
10399
10453
10487
10536
10597
10633
10641
10670
10709
10727
10774
10797
10826
10852
10876
10950
10970
10972
11060
11077
11238
11256
11315
11317
11410
11427
11441
11493
11529
11665
11714
11717
11792
11822
11826
11830
11840
11848
11850
11870
11884
11958
11968
11977
11980
11998
12016
12048
12090
12150
12161
12194
12229
12240
12315
12375
12406
12467
12521
12566
12628
12632
12648
12665
12698
12790
12865
12950
13002
13009
13019
13067
13069
13103
13104
13150
13196
13241
13274
13306
13323
13333
13375
13449
13505
13527
13531
13533
13536
13544
13549
13567
13605
13635
13658
13668
13695
13723
13841
13901
13905
13951
13978
14054
14059
14092
14105
14155
14198
14212
14239
14243
14289
14292
14317
14354
14370
14449
14456
14506
14574
14618
14638
14640
14656
14689
14693
14728
14735
14809
14811
14826
14835
14846
14936
14943
14979
15042
15061
15066
15070
15090
15104
15159
15168
15215
15264
15292
15312
15321
15341
15401
15487
15579
15632
15657
15680
15706
15758
15770
15804
15822
15868
15935
16068
16097
16119
16199
16229
16241
16243
16249
16261
16302
16322
16417
16509
16517
16540
16550
16705
16712
16716
16732
16740
16753
16777
16783
16813
16821
17011
17055
17106
17135
17227
17233
17331
17426
17495
17536
17544
17562
17583
17637
17662
17687
17745
17759
17790
17797
17818
17872
17874
17899
17912
17928
17938
18005
18010
18025
18056
18068
18078
18136
18142
18164
18194
18210
18219
18223
18259
18301
18478
18499
18554
18578
18593
18605
18611
18647
18691
18721
18774
18833
18910
18923
18924
18933
18936
19015
19020
19037
19049
19113
19158
19176
19203
19215
19221
19278
19320
19334
19335
19386
19397
19404
19444
19458
19460
19569
19609
19645
19656
19661
19669
19745
19828
19859
19868
19909
19922
19938
19965
20013
20015
20042
20154
20179
20180
20205
20300
20312
20322
20331
20339
20378
20389
20402
20612
20714
20740
20777
20806
20854
20954
20961
20974
21017
21034
21128
21164
21239
21249
21253
21255
21312
21347
21369
21436
21454
21462
21498
21516
21546
21552
21608
21646
21649
21650
21666
21683
21707
21724
21870
21908
22014
22083
22098
22101
22116
22136
22158
22165
22186
22237
22330
22358
22381
22445
22493
22574
22633
22722
22724
22758
22856
22861
22890
22945
22964
22987
23045
23052
23055
23127
23167
23174
23188
23205
23237
23248
23253
23294
23300
23321
23331
23471
23477
23495
23577
23595
23640
23728
23743
23792
23849
23853
23884
23893
23947
23957
23966
23972
23994
24017
24080
24122
24152
24179
24180
24232
24359
24373
24389
24393
24491
24504
24509
24542
24548
24599
24607
24635
24647
24680
24697
24718
24832
24844
24907
24942
24944
24951
24964
24983
24997
25110
25119
25215
25228
25249
25294
25371
25386
25460
25471
25504
25548
25554
25621
25647
25659
25746
25816
25874
25877
25904
25987
26030
26040
26192
26239
26242
26267
26317
26409
26485
26522
26566
26572
26608
26632
26654
26695
26698
26721
26952
26973
27036
27106
27154
27210
27244
27290
27313
27364
27392
27410
27412
27489
27570
27682
27707
27717
27751
27762
27817
27832
27851
27854
27856
27861
27869
27911
27912
27940
28046
28055
28072
28104
28110
28194
28226
28268
28380
28455
28489
28519
28557
28563
28564
28610
28635
28645
28657
28675
28703
28751
28765
28780
28807
28844
28847
28878
28880
29012
29015
29045
29050
29106
29117
29126
29129
29147
29185
29191
29301
29318
29373
29404
29405
29422
29469
29486
29499
29604
29609
29632
29673
29692
29703
29720
29817
29825
29846
29882
29908
29910
29938
29969
30033
30054
30088
30111
30117
30118
30154
30169
30173
30207
30272
30289
30293
30331
30373
30400
30444
30456
30519
30542
30569
30583
30620
30648
30718
30727
30745
30792
30799
30804
30825
30861
30921
30974
31063
31065
31105
31117
31165
31237
31304
31355
31362
31395
31512
31514
31583
31584
31598
31658
31753
31831
31855
31888
31890
31965
32029
32044
32091
32115
32119
32169
32179
32211
32257
32267
32287
32332
32411
32437
32516
32601
32603
32677
32682
32700
32772
32777
32803
32881
32898
32934
32943
33077
33085
33101
33130
33137
33171
33207
33233
33248
33338
33354
33360
33389
33425
33432
33437
33464
33471
33534
33729
33738
33767
33779
33915
33921
33957
33981
34047
34073
34081
34143
34153
34189
34202
34211
34243
34295
34328
34333
34334
34460
34541
34564
34586
34606
34643
34696
34713
34763
34766
34823
34904
34915
34937
35030
35074
35078
35135
35151
35239
35240
35253
35272
35371
35425
35426
35447
35448
35460
35477
35555
35561
35626
35639
35663
35710
35740
35789
35810
35824
35866
35905
35909
35932
35944
35973
35985
35988
36049
36134
36181
36221
36334
36367
36383
36392
36404
36425
36441
36467
36487
36499
36576
36589
36618
36621
36739
36798
36873
36874
36924
36945
36975
36987
