13
15
23
54
60
96
108
142
172
181
186
229
237
242
258
287
313
330
347
349
352
357
358
370
398
433
444
447
525
532
538
559
561
576
587
616
641
663
670
671
672
695
706
711
713
758
766
797
805
840
846
872
906
912
944
946
947
959
979
1002
1028
1050
1078
1082
1107
1139
1177
1183
1209
1231
1255
1260
1279
1314
1329
1334
1352
1374
1379
1395
1413
1418
1441
1510
1516
1520
1533
1546
1565
1601
1620
1642
1644
1646
1650
1657
1694
1703
1728
1754
1757
1762
1774
1777
1788
1791
1846
1907
1921
1922
1956
1957
1976
1986
1989
2020
2025
2030
2051
2064
2067
2086
2091
2108
2124
2129
2144
2174
2187
2201
2208
2209
2213
2215
2216
2236
2252
2255
2283
2297
2301
2343
2354
2387
2389
2394
2399
2408
2447
2494
2531
2533
2536
2542
2569
2575
2583
2592
2672
2702
2716
2719
2731
2760
2761
2778
2788
2791
2822
2833
2834
2863
2870
2881
2886
2888
2890
2904
2908
2914
2936
2939
2946
2979
2982
3007
3013
3022
3023
3079
3106
3109
3124
3183
3184
3194
3195
3200
3222
3223
3381
3383
3403
3439
3486
3513
3532
3546
3557
3575
3578
3648
3679
3685
3696
3698
3699
3700
3734
3756
3773
3774
3790
3798
3799
3800
3808
3815
3827
3839
3847
3865
3888
3921
3941
3959
3986
4008
4018
4047
4057
4060
4061
4071
4118
4135
4146
4169
4175
4188
4200
4218
4224
4232
4239
4254
4292
4293
4298
4306
4307
4315
4344
4356
4380
4384
4388
4401
4438
4461
4488
4494
4502
4505
4510
4544
4625
4634
4652
4667
4673
4678
4682
4714
4731
4750
4772
4796
4811
4816
4834
4835
4851
4857
4867
4891
4897
4929
4936
4941
4968
4971
5003
5055
5060
5070
5072
5090
5094
5134
5156
5166
5179
5188
5215
5224
5230
5241
5271
5291
5293
5325
5342
5346
5359
5399
5436
5463
5480
5496
5502
5520
5523
5527
5534
5582
5625
5628
5661
5672
5701
5712
5723
5737
5798
5804
5819
5842
5844
5846
5848
5861
5882
5884
5891
5895
5905
5916
5920
5930
5935
5949
5951
5964
5987
6000
6016
6021
6038
6056
6061
6063
6107
6125
6129
6157
6162
6167
6183
6184
6196
6199
6244
6251
6263
6273
6274
6276
6294
6303
6305
6343
6349
6362
6364
6378
6383
6386
6391
6393
6394
6395
6396
6398
6400
6405
6420
6456
6471
6487
6490
6503
6552
6559
6578
6580
6596
6601
6607
6609
6629
6647
6677
6685
6687
6698
6708
6742
6745
6753
6772
6786
6797
6823
6852
6874
6880
6891
6892
6893
6894
6904
6911
6914
6937
6972
6974
6989
7018
7042
7052
7059
7064
7082
7085
7102
7103
7120
7138
7170
7259
7287
7323
7326
7328
7386
7388
7390
7448
7449
7450
7461
7464
7478
7498
7510
7530
7555
7571
7583
7590
7605
7652
7653
7672
7688
7691
7692
7698
7704
7718
7731
7754
7766
7782
7785
7788
7797
7817
7827
7828
7833
7838
7856
7863
7871
7875
7889
7896
7942
7955
7981
7986
8008
8009
8029
8034
8035
8066
8074
8091
8093
8099
8111
8120
8127
8137
8145
8172
8197
8205
8288
8290
8305
8316
8319
8333
8334
8342
8344
8345
8375
8378
8396
8405
8465
8469
8480
8491
8496
8511
8514
8525
8541
8552
8554
8573
8593
8652
8690
8703
8741
8742
8755
8781
8793
8828
8847
8854
8876
8879
8887
8942
8945
8952
8958
8994
9000
9024
9026
9036
9070
9092
9102
9119
9124
9148
9166
9195
9199
9202
9217
9220
9235
9252
9256
9258
9264
9275
9298
9308
9312
9316
9326
9348
9379
9401
9443
9455
9478
9489
9496
9504
9547
9580
9590
9600
9605
9629
9638
9642
9667
9693
9703
9716
9728
9741
9748
9757
9776
9803
9831
9855
9864
9902
9904
9906
9925
9929
9968
9997
10006
10015
10017
10019
10023
10025
10035
10050
10062
10084
10126
10131
10154
10190
10240
10242
10253
10266
10273
10289
10338
10352
10358
10374
10379
10449
10454
10471
10486
10494
10519
10524
10602
10628
10645
10650
10659
10678
10705
10745
10756
10762
10781
10789
10798
10830
10841
10847
10878
10894
10948
10979
10985
10994
10999
11001
11019
11023
11055
11057
11114
11117
11120
11134
11145
11150
11162
11193
11202
11228
11289
11308
11336
11343
11359
11360
11366
11368
11391
11398
11415
11428
11430
11433
11439
11447
11453
11461
11465
11506
11520
11526
11539
11543
11547
11568
11628
11653
11668
11669
11671
11672
11675
11693
11702
11731
11742
11787
11788
11796
11807
11889
11916
11935
11961
12009
12036
12114
12116
12122
12127
12133
12163
12173
12174
12180
12208
12245
12275
12287
12299
12310
12322
12342
12346
12347
12371
12384
12420
12442
12458
12461
12477
12485
12533
12538
12543
12560
12564
12575
12577
12590
12616
12653
12661
12677
12697
12706
12708
12712
12718
12719
12731
12745
12747
12750
12757
12780
12793
12823
12830
12839
12903
12932
12934
12947
12955
12992
13042
13096
13128
13138
13143
13164
13194
13205
13208
13213
13233
13247
13255
13341
13346
13352
13361
13377
13379
13384
13415
13417
13433
13435
13445
13455
13476
13482
13487
13495
13515
13525
13538
13546
13547
13553
13565
13571
13575
13580
13607
13662
13663
13664
13684
13702
13713
13765
13783
13796
13810
13813
13823
13824
13845
13862
13876
13883
13885
13892
13932
13945
13950
13984
14029
14034
14062
14075
14079
14084
14101
14107
14138
14207
14229
14232
14233
14256
14269
14276
14285
14320
14357
14380
14383
14384
14426
14454
14462
14487
14494
14503
14520
14534
14542
14546
14579
14604
14616
14628
14633
14639
14651
14655
14659
14660
14661
14674
14675
14676
14727
14733
14751
14769
14845
14889
14896
14904
14908
14911
14927
14977
14980
14985
14997
15011
15015
15053
15054
15072
15085
15093
15105
15115
15146
15151
15154
15178
15180
15220
15224
15231
15240
15243
15355
15356
15411
15421
15452
15455
15460
15475
15502
15509
15516
15523
15524
15532
15534
15566
15597
15610
15619
15652
15723
15738
15739
15783
15796
15802
15851
15855
15860
15877
15881
15906
15908
15917
15923
15959
15975
15978
15997
16005
16027
16030
16037
16039
16047
16063
16067
16086
16106
16107
16179
16211
16214
16240
16268
16275
16277
16309
16320
16361
16363
16413
16415
16447
16496
16503
16515
16518
16530
16532
16538
16548
16557
16564
16569
16585
16615
16621
16625
16655
16657
16659
16666
16677
16713
16765
16773
16785
16815
16843
16859
16872
16877
16878
16898
16912
16914
16933
16934
16940
16943
17007
17020
17028
17029
17032
17084
17086
17103
17111
17130
17159
17165
17168
17180
17204
17208
17242
17263
17270
17273
17297
17330
17335
17343
17344
17347
17351
17415
17454
17512
17518
17532
17542
17549
17568
17575
17580
17587
17590
17607
17613
17644
17645
17648
17681
17711
17713
17729
17764
17786
17820
17823
17825
17857
17870
17918
17926
17932
17935
17940
17946
17960
17963
17974
17979
18031
18038
18045
18087
18107
18137
18167
18168
18202
18228
18243
18255
18262
18269
18271
18274
18276
18277
18296
18311
18330
18345
18369
18377
18405
18414
18435
18445
18459
18463
18465
18466
18474
18483
18524
18527
18529
18544
18559
18588
18589
18595
18615
18638
18660
18661
18662
18698
18708
18732
18746
18759
18763
18786
18807
18837
18843
18853
18855
18860
18877
18907
18939
18976
18993
19018
19021
19030
19032
19070
19075
19077
19088
19097
19103
19151
19199
19238
19261
19284
19287
19308
19322
19328
19354
19390
19395
19401
19412
19436
19455
19466
19480
19574
19583
19588
19593
19596
19616
19629
19630
19631
19639
19642
19647
19649
19685
19686
19716
19744
19790
19793
19820
19829
19846
19869
19874
19903
19937
19951
19954
19971
19990
20000
20012
20055
20057
20059
20060
20080
20087
20093
20110
20121
20131
20145
20146
20150
20196
20219
20249
20258
20280
20302
20305
20308
20318
20321
20323
20374
20380
20391
20394
20416
20426
20451
20455
20459
20466
20478
20484
20495
20509
20528
20548
20554
20563
20568
20586
20591
20598
20601
20661
20668
20670
20695
20698
20701
20728
20733
20751
20756
20781
20789
20790
20799
20817
20833
20861
20875
20877
20878
20885
20911
20923
20930
20962
20963
20973
21016
21018
21046
21059
21071
21080
21081
21083
21085
21090
21108
21111
21115
21117
21147
21160
21180
21185
21226
21256
21268
21270
21291
21328
21338
21351
21368
21385
21415
21424
21443
21451
21461
21487
21489
21514
21523
21554
21559
21566
21579
21597
21605
21611
21640
21642
21645
21665
21667
21704
21706
21737
21751
21753
21771
21871
21877
21901
21939
21954
21957
21962
21986
21987
21993
21994
22022
22038
22043
22077
22095
22109
22118
22120
22134
22146
22153
22156
22168
22171
22175
22188
22190
22202
22225
22238
22243
22246
22258
22263
22269
22273
22275
22279
22291
22298
22299
22352
22364
22389
22404
22416
22431
22432
22448
22475
22476
22500
22502
22504
22531
22539
22541
22544
22551
22607
22616
22630
22640
22642
22665
22669
22679
22690
22701
22703
22711
22718
22727
22738
22743
22771
22787
22793
22797
22824
22827
22830
22843
22845
22898
22921
22930
22958
22979
22995
23031
23050
23066
23073
23085
23108
23111
23124
23131
23148
23155
23158
23173
23202
23216
23275
23277
23287
23405
23410
23433
23442
23494
23529
23550
23606
23619
23630
23654
23673
23675
23701
23727
23735
23745
23753
23759
23777
23784
23787
23789
23794
23847
23895
23898
23908
23918
23923
23959
23970
23976
23983
24009
24022
24037
24071
24086
24121
24133
24158
24160
24163
24165
24182
24186
24214
24230
24235
24261
24280
24307
24316
24347
24383
24392
24445
24490
24505
24561
24565
24576
24586
24602
24603
24609
24617
24627
24641
24646
24652
24661
24673
24708
24710
24734
24761
24808
24819
24821
24828
24902
24930
24949
25003
25029
25072
25076
25080
25104
25111
25117
25127
25160
25179
25187
25194
25231
25237
25265
25305
25307
25310
25320
25332
25348
25352
25390
25411
25412
25427
25438
25442
25453
25458
25500
25525
25541
25547
25594
25630
25648
25655
25687
25705
25725
25726
25729
25730
25757
25771
25835
25837
25845
25860
25867
25883
25925
25940
25955
26004
26022
26042
26047
26049
26055
26070
26092
26105
26128
26162
26172
26186
26195
26221
26234
26248
26313
26329
26345
26356
26358
26372
26410
26450
26459
26487
26498
26503
26504
26506
26512
26521
26534
26549
26558
26569
26598
26601
26610
26613
26617
26618
26660
26674
26692
26697
26719
26729
26767
26778
26793
26803
26815
26817
26849
26912
26932
26945
26956
27037
27064
27093
27148
27160
27179
27183
27194
27195
27199
27203
27213
27218
27237
27248
27276
27297
27305
27307
27312
27380
27400
27411
27419
27433
27437
27461
27484
27496
27500
27501
27507
27509
27518
27527
27537
27605
27606
27619
27623
27644
27652
27670
27687
27698
27767
27783
27786
27787
27790
27812
27823
27863
27894
27924
27959
27965
27978
27989
28006
28031
28034
28045
28048
28054
28062
28091
28099
28128
28145
28151
28155
28168
28170
28176
28190
28191
28199
28208
28220
28233
28294
28332
28346
28354
28365
28392
28397
28402
28405
28407
28409
28422
28432
28469
28471
28498
28515
28521
28529
28538
28540
28587
28588
28589
28644
28655
28664
28665
28679
28692
28704
28716
28719
28721
28729
28738
28776
28789
28794
28800
28812
28827
28834
28850
28864
28868
28871
28876
28881
28882
28890
28894
28910
28912
28921
28925
28938
28960
28993
28998
29014
29024
29028
29082
29105
29119
29123
29133
29155
29162
29209
29210
29221
29258
29279
29320
29326
29331
29380
29394
29403
29448
29450
29454
29479
29498
29501
29534
29536
29557
29579
29599
29607
29617
29643
29650
29667
29683
29691
29693
29708
29723
29737
29744
29752
29757
29761
29807
29822
29840
29843
29887
29899
29907
29916
29922
29940
29967
29986
30000
30006
30010
30049
30065
30084
30095
30105
30106
30114
30116
30119
30132
30133
30193
30211
30246
30256
30261
30298
30309
30330
30345
30381
30382
30384
30390
30401
30405
30406
30424
30426
30432
30439
30454
30455
30458
30464
30478
30481
30492
30499
30507
30513
30516
30518
30538
30550
30553
30571
30600
30602
30607
30608
30625
30627
30659
30673
30679
30687
30693
30729
30738
30747
30751
30753
30770
30774
30782
30784
30808
30817
30828
30842
30844
30848
30885
30893
30935
30946
30950
30982
30987
31004
31062
31076
31077
31103
31123
31140
31142
31153
31204
31232
31236
31248
31253
31256
31286
31299
31301
31303
31305
31313
31320
31334
31353
31359
31366
31369
31412
31413
31438
31446
31459
31472
31483
31518
31527
31566
31568
31571
31581
31603
31621
31631
31644
31665
31670
31682
31683
31715
31730
31761
31787
31794
31797
31803
31829
31837
31838
31887
31894
31895
31902
31919
31982
32011
32038
32043
32076
32085
32090
32133
32145
32157
32159
32199
32209
32225
32278
32283
32286
32301
32320
32326
32364
32365
32399
32415
32433
32454
32461
32476
32477
32497
32521
32525
32526
32553
32559
32560
32566
32590
32596
32623
32637
32659
32681
32694
32717
32730
32743
32747
32752
32754
32767
32770
32778
32785
32799
32820
32828
32833
32842
32848
32850
32866
32888
32941
32946
32949
32952
32978
32979
32993
33007
33012
33053
33060
33063
33065
33084
33127
33142
33174
33186
33187
33211
33239
33241
33263
33294
33318
33332
33343
33397
33409
33414
33428
33468
33477
33484
33540
33544
33546
33550
33577
33588
33656
33660
33687
33746
33750
33760
33766
33793
33801
33809
33820
33825
33847
33858
33899
33908
33925
33928
33942
33977
33989
34004
34015
34041
34072
34076
34095
34100
34101
34136
34144
34152
34165
34188
34191
34203
34239
34247
34255
34275
34276
34279
34282
34290
34297
34310
34332
34372
34378
34386
34390
34393
34422
34429
34436
34454
34456
34462
34463
34464
34488
34496
34501
34505
34534
34551
34561
34576
34577
34580
34590
34612
34619
34636
34667
34674
34721
34722
34723
34725
34735
34741
34751
34772
34775
34792
34799
34802
34809
34814
34817
34818
34852
34860
34874
34898
34920
34924
34926
34979
34980
34998
35001
35003
35012
35024
35046
35050
35056
35057
35070
35123
35124
35127
35155
35157
35163
35167
35179
35197
35213
35222
35233
35245
35254
35256
35259
35275
35284
35325
35333
35341
35373
35402
35413
35418
35438
35458
35466
35481
35507
35512
35535
35537
35541
35558
35607
35610
35627
35628
35636
35656
35667
35668
35671
35712
35716
35732
35733
35749
35758
35779
35807
35808
35826
35840
35843
35886
35907
35908
35913
35921
35924
35946
36007
36027
36028
36030
36058
36078
36130
36146
36171
36176
36189
36218
36226
36236
36263
36268
36270
36302
36312
36329
36344
36346
36361
36370
36389
36394
36426
36436
36442
36446
36469
36470
36479
36482
36509
36549
36558
36586
36629
36632
36633
36641
36646
36656
36681
36698
36699
36708
36709
36719
36742
36758
36774
36790
36807
36811
36825
36834
36841
36846
36915
36950
36995
