3
6
17
18
24
31
33
35
43
46
63
68
69
72
85
91
93
106
121
146
153
156
157
162
163
170
175
176
188
190
213
215
217
241
248
250
254
259
261
269
284
301
303
304
321
328
329
345
378
383
384
389
394
402
404
405
407
410
416
421
423
427
428
435
438
450
459
461
465
467
472
475
492
508
515
521
526
536
539
546
571
589
596
597
605
612
623
624
626
642
645
673
680
682
690
691
692
697
726
731
739
763
764
771
774
778
789
796
804
807
809
816
820
824
827
829
837
847
851
860
865
870
876
888
889
894
900
901
902
907
923
925
929
936
937
938
940
984
1001
1013
1016
1019
1020
1024
1026
1032
1040
1051
1053
1054
1055
1071
1072
1075
1085
1096
1101
1103
1111
1112
1116
1120
1128
1129
1130
1135
1145
1146
1153
1154
1161
1179
1181
1188
1202
1210
1218
1227
1229
1234
1251
1263
1265
1267
1270
1273
1282
1289
1296
1300
1302
1308
1311
1332
1333
1340
1356
1357
1375
1380
1382
1391
1400
1414
1416
1423
1424
1427
1445
1451
1453
1465
1466
1471
1478
1481
1488
1490
1494
1495
1496
1501
1507
1530
1531
1545
1548
1554
1572
1576
1613
1637
1639
1640
1641
1662
1672
1679
1680
1682
1700
1708
1711
1726
1727
1735
1744
1745
1784
1793
1800
1808
1822
1827
1832
1847
1848
1853
1864
1868
1872
1874
1880
1885
1886
1888
1893
1897
1903
1910
1916
1930
1935
1943
1958
2002
2003
2004
2006
2014
2016
2021
2026
2027
2029
2033
2044
2083
2090
2095
2121
2125
2128
2135
2140
2147
2150
2154
2176
2179
2180
2184
2188
2189
2197
2198
2207
2210
2226
2231
2241
2246
2253
2254
2257
2260
2271
2286
2289
2293
2299
2303
2317
2332
2351
2355
2364
2365
2375
2391
2402
2416
2428
2436
2437
2458
2461
2477
2484
2487
2490
2526
2528
2530
2534
2537
2539
2544
2559
2563
2570
2571
2573
2576
2586
2599
2603
2604
2608
2616
2621
2623
2625
2644
2646
2647
2659
2662
2666
2676
2686
2692
2693
2698
2711
2713
2714
2725
2741
2747
2755
2758
2762
2768
2780
2784
2797
2799
2816
2836
2843
2844
2860
2865
2883
2895
2897
2909
2919
2926
2942
2957
2958
2965
2976
2984
2995
3000
3001
3003
3005
3010
3021
3025
3026
3051
3052
3055
3056
3058
3062
3072
3083
3096
3097
3098
3112
3117
3120
3133
3171
3189
3190
3203
3205
3212
3235
3240
3241
3242
3245
3247
3251
3254
3256
3269
3273
3285
3298
3299
3312
3317
3320
3327
3328
3330
3333
3340
3374
3378
3379
3382
3387
3388
3393
3399
3408
3410
3411
3424
3427
3430
3444
3455
3471
3480
3481
3489
3496
3507
3515
3522
3524
3530
3534
3535
3551
3568
3619
3627
3630
3640
3656
3661
3663
3664
3690
3702
3713
3715
3733
3747
3755
3767
3778
3786
3797
3829
3832
3854
3867
3879
3893
3898
3916
3939
3942
3949
3962
3967
3975
3988
3989
3995
4001
4002
4005
4016
4022
4025
4034
4039
4041
4049
4050
4051
4069
4074
4085
4088
4093
4107
4117
4129
4140
4141
4159
4174
4179
4180
4182
4189
4192
4193
4201
4209
4216
4217
4220
4230
4236
4240
4246
4248
4253
4256
4263
4267
4273
4282
4283
4299
4312
4313
4319
4321
4328
4335
4337
4342
4346
4351
4358
4369
4378
4379
4381
4385
4419
4432
4433
4439
4440
4444
4446
4453
4456
4462
4463
4468
4469
4475
4477
4482
4495
4496
4500
4508
4511
4519
4520
4523
4525
4526
4529
4534
4541
4548
4554
4562
4589
4592
4598
4606
4607
4611
4624
4628
4639
4663
4664
4665
4670
4679
4684
4694
4697
4699
4702
4707
4712
4736
4740
4742
4762
4767
4769
4782
4788
4790
4802
4804
4808
4813
4824
4828
4832
4838
4861
4862
4876
4903
4912
4916
4925
4933
4948
4954
4961
4967
4974
4983
4986
4987
4989
5001
5007
5017
5027
5029
5032
5039
5040
5061
5077
5079
5082
5084
5091
5100
5119
5130
5135
5142
5143
5144
5145
5172
5175
5177
5185
5189
5202
5216
5226
5227
5229
5232
5234
5236
5243
5246
5262
5277
5279
5285
5300
5305
5311
5321
5326
5328
5332
5336
5345
5347
5348
5370
5379
5381
5383
5384
5388
5390
5418
5427
5431
5437
5448
5451
5455
5474
5486
5491
5508
5515
5517
5524
5525
5531
5535
5540
5548
5558
5563
5564
5568
5576
5580
5587
5594
5605
5621
5632
5638
5646
5649
5655
5657
5669
5690
5713
5724
5728
5731
5733
5738
5748
5750
5752
5760
5764
5783
5792
5797
5813
5814
5815
5822
5824
5829
5856
5860
5870
5872
5873
5878
5893
5901
5912
5914
5952
5969
5972
5973
5976
5978
5997
6003
6004
6015
6055
6086
6096
6098
6103
6111
6131
6133
6147
6155
6160
6163
6169
6181
6188
6190
6197
6204
6214
6215
6220
6224
6247
6253
6256
6268
6280
6285
6298
6300
6301
6308
6312
6313
6320
6321
6340
6357
6363
6373
6379
6390
6404
6410
6413
6421
6423
6442
6448
6450
6453
6457
6461
6483
6496
6499
6504
6505
6508
6509
6520
6525
6538
6539
6540
6558
6563
6565
6575
6586
6588
6602
6620
6623
6632
6642
6653
6661
6674
6675
6681
6683
6693
6699
6716
6718
6720
6721
6725
6730
6734
6735
6743
6750
6751
6792
6809
6813
6824
6827
6828
6829
6832
6834
6841
6842
6850
6858
6869
6870
6871
6886
6902
6903
6907
6925
6940
6952
6963
6966
6970
6993
7000
7022
7031
7039
7046
7053
7055
7061
7065
7069
7076
7084
7089
7123
7125
7126
7162
7163
7164
7168
7175
7177
7183
7184
7187
7188
7199
7209
7215
7233
7236
7240
7243
7245
7247
7250
7253
7254
7256
7268
7269
7271
7280
7295
7298
7301
7319
7327
7329
7332
7340
7343
7345
7370
7384
7387
7396
7405
7408
7410
7411
7418
7421
7427
7456
7472
7474
7479
7483
7486
7493
7500
7502
7506
7516
7537
7539
7541
7543
7556
7565
7568
7588
7596
7600
7610
7611
7623
7625
7630
7641
7644
7645
7649
7680
7682
7683
7684
7699
7703
7730
7732
7743
7745
7748
7753
7764
7767
7772
7784
7787
7789
7795
7796
7802
7808
7809
7819
7821
7834
7837
7845
7848
7852
7858
7860
7877
7887
7898
7901
7907
7923
7924
7931
7935
7938
7941
7956
7965
7966
7973
7980
7982
7984
7994
7998
8005
8012
8021
8027
8037
8040
8043
8047
8048
8057
8063
8070
8082
8087
8094
8110
8112
8115
8122
8128
8143
8155
8158
8159
8161
8195
8198
8199
8202
8204
8207
8215
8216
8225
8237
8239
8244
8245
8247
8250
8261
8278
8286
8292
8294
8295
8298
8302
8306
8310
8325
8328
8363
8368
8373
8376
8381
8391
8393
8404
8414
8417
8430
8432
8439
8476
8483
8484
8492
8497
8498
8503
8516
8535
8538
8546
8549
8556
8558
8560
8562
8569
8571
8577
8592
8598
8610
8625
8647
8653
8673
8674
8695
8699
8704
8722
8732
8733
8735
8737
8738
8744
8747
8754
8765
8780
8786
8792
8796
8798
8806
8809
8816
8825
8833
8841
8857
8859
8867
8869
8881
8883
8896
8901
8905
8907
8920
8921
8922
8924
8930
8933
8940
8974
8980
8982
8992
8996
9003
9020
9022
9029
9035
9039
9043
9048
9060
9062
9084
9091
9115
9117
9122
9126
9137
9142
9145
9155
9165
9183
9184
9185
9191
9213
9238
9239
9241
9243
9248
9267
9276
9286
9295
9301
9304
9309
9311
9317
9334
9343
9352
9357
9370
9387
9395
9398
9410
9412
9424
9453
9458
9477
9482
9486
9491
9494
9517
9525
9531
9552
9569
9574
9608
9611
9617
9637
9654
9660
9668
9674
9678
9713
9743
9751
9758
9760
9764
9770
9775
9779
9784
9809
9813
9835
9843
9846
9859
9874
9884
9886
9890
9893
9895
9898
9900
9913
9918
9933
9941
9947
9952
9955
9957
9967
9970
9974
9991
10020
10038
10052
10066
10069
10083
10085
10089
10095
10098
10100
10102
10104
10109
10122
10128
10129
10143
10161
10164
10167
10174
10186
10189
10200
10211
10215
10220
10225
10230
10234
10251
10254
10255
10263
10269
10271
10276
10297
10318
10326
10345
10357
10359
10385
10388
10390
10397
10402
10408
10413
10416
10426
10432
10436
10438
10439
10462
10475
10495
10498
10499
10501
10517
10523
10530
10537
10545
10548
10550
10562
10564
10566
10568
10573
10585
10596
10600
10609
10612
10616
10636
10648
10653
10679
10685
10704
10714
10719
10720
10734
10752
10767
10771
10775
10812
10833
10836
10837
10840
10844
10853
10870
10874
10890
10895
10906
10921
10928
10929
10937
10938
10942
10946
10957
10958
10959
10967
10981
10984
10998
11003
11004
11006
11009
11016
11047
11059
11061
11073
11074
11083
11087
11093
11094
11107
11110
11126
11132
11142
11143
11147
11170
11174
11189
11190
11197
11201
11204
11225
11232
11236
11240
11248
11258
11265
11266
11276
11280
11286
11304
11311
11319
11322
11329
11349
11361
11362
11364
11365
11371
11373
11376
11380
11381
11386
11395
11412
11421
11422
11426
11452
11455
11459
11468
11476
11495
11498
11536
11542
11548
11555
11570
11581
11584
11591
11594
11604
11621
11626
11629
11634
11645
11670
11680
11681
11684
11685
11687
11692
11695
11699
11713
11719
11736
11756
11808
11810
11811
11813
11815
11817
11818
11836
11839
11844
11846
11851
11858
11859
11860
11868
11896
11902
11904
11917
11920
11923
11924
11930
11940
11951
11964
11966
11969
11974
11978
11985
11986
11993
12005
12023
12037
12042
12052
12059
12069
12074
12085
12087
12088
12111
12115
12120
12136
12149
12154
12158
12166
12169
12179
12197
12200
12202
12207
12212
12226
12234
12236
12247
12251
12258
12266
12278
12284
12288
12295
12302
12308
12317
12334
12335
12338
12339
12352
12355
12359
12382
12386
12389
12397
12401
12407
12408
12411
12413
12421
12425
12427
12444
12445
12447
12450
12451
12452
12475
12481
12499
12501
12502
12505
12509
12514
12516
12518
12522
12525
12527
12537
12541
12545
12559
12571
12586
12597
12608
12617
12621
12626
12634
12644
12651
12667
12699
12701
12707
12713
12726
12740
12743
12749
12759
12762
12770
12774
12777
12788
12795
12796
12797
12826
12827
12837
12844
12853
12864
12876
12881
12883
12884
12888
12893
12895
12898
12901
12906
12909
12922
12928
12931
12945
12951
12961
12964
12975
12976
12985
12993
12996
12998
12999
13000
13029
13036
13043
13045
13056
13064
13070
13074
13081
13105
13109
13113
13129
13137
13147
13172
13178
13182
13183
13187
13202
13212
13220
13224
13238
13246
13256
13276
13297
13300
13315
13327
13339
13348
13353
13355
13386
13389
13390
13395
13397
13413
13414
13416
13426
13427
13428
13431
13436
13453
13460
13481
13486
13488
13512
13523
13534
13541
13554
13558
13570
13576
13582
13584
13592
13599
13611
13621
13629
13632
13643
13645
13651
13685
13689
13703
13707
13715
13717
13721
13725
13737
13738
13749
13756
13757
13759
13775
13779
13789
13795
13809
13842
13843
13850
13857
13858
13864
13866
13889
13891
13899
13907
13917
13931
13933
13937
13947
13949
13954
13956
13962
13963
13983
13989
13995
14012
14018
14038
14040
14051
14053
14060
14066
14068
14081
14103
14112
14132
14140
14143
14153
14171
14173
14177
14180
14208
14214
14215
14217
14221
14222
14224
14228
14247
14253
14268
14271
14281
14288
14297
14300
14311
14314
14319
14327
14338
14339
14341
14342
14355
14359
14369
14371
14373
14377
14379
14381
14388
14391
14394
14396
14429
14435
14446
14450
14452
14455
14471
14477
14478
14483
14484
14496
14501
14507
14512
14527
14528
14529
14539
14547
14562
14564
14577
14584
14599
14601
14609
14614
14624
14647
14657
14665
14668
14669
14672
14680
14683
14691
14697
14705
14710
14711
14716
14717
14721
14736
14766
14770
14782
14791
14793
14821
14838
14841
14857
14858
14861
14866
14868
14869
14871
14878
14897
14899
14901
14915
14920
14933
14937
14939
14942
14964
14967
14969
14970
14982
14983
14984
14986
15001
15013
15030
15038
15041
15048
15049
15050
15051
15060
15071
15076
15096
15098
15106
15117
15118
15123
15144
15156
15166
15172
15182
15187
15194
15201
15204
15205
15208
15244
15256
15261
15275
15289
15294
15304
15309
15317
15337
15351
15360
15369
15370
15377
15381
15383
15384
15394
15405
15414
15423
15434
15439
15453
15456
15469
15474
15480
15483
15489
15499
15501
15513
15519
15542
15565
15570
15572
15573
15574
15576
15591
15594
15595
15598
15611
15624
15631
15638
15640
15643
15644
15651
15660
15662
15663
15673
15675
15676
15682
15702
15718
15721
15727
15729
15740
15748
15760
15785
15786
15805
15812
15825
15828
15833
15835
15846
15848
15859
15866
15876
15879
15885
15903
15907
15911
15912
15932
15941
15947
15950
15961
15979
15981
15987
15994
16002
16009
16014
16022
16023
16044
16045
16060
16064
16065
16066
16070
16081
16087
16092
16094
16103
16104
16111
16112
16114
16124
16137
16140
16147
16171
16175
16185
16186
16193
16198
16207
16208
16220
16230
16234
16262
16283
16299
16301
16308
16311
16319
16336
16346
16354
16359
16362
16366
16389
16390
16400
16401
16406
16407
16423
16439
16446
16451
16471
16484
16485
16495
16513
16521
16523
16524
16575
16578
16582
16584
16593
16599
16607
16608
16609
16618
16627
16629
16632
16633
16639
16667
16691
16696
16698
16701
16704
16709
16710
16731
16736
16750
16752
16759
16760
16763
16779
16795
16798
16805
16806
16811
16823
16827
16851
16853
16854
16864
16875
16884
16891
16895
16896
16911
16922
16925
16935
16952
16962
16972
16976
16990
16997
17015
17024
17043
17050
17051
17054
17057
17058
17059
17067
17079
17099
17102
17118
17120
17124
17127
17131
17140
17148
17152
17164
17172
17174
17193
17198
17216
17220
17230
17238
17241
17250
17253
17256
17306
17311
17313
17320
17322
17326
17328
17336
17346
17367
17373
17375
17380
17383
17393
17416
17418
17423
17425
17427
17442
17448
17451
17463
17465
17466
17487
17496
17500
17534
17541
17546
17547
17548
17565
17567
17584
17594
17598
17603
17606
17610
17619
17629
17632
17656
17658
17671
17675
17688
17700
17703
17719
17723
17727
17738
17741
17754
17763
17771
17773
17780
17803
17810
17831
17835
17845
17849
17850
17853
17859
17873
17875
17884
17885
17977
17983
17989
17995
17999
18004
18022
18050
18063
18069
18075
18082
18083
18096
18099
18101
18109
18114
18120
18123
18130
18140
18143
18155
18165
18173
18176
18181
18184
18205
18207
18213
18226
18232
18254
18258
18265
18268
18272
18273
18286
18289
18297
18314
18325
18329
18344
18347
18353
18359
18363
18395
18400
18404
18411
18417
18418
18421
18431
18438
18439
18446
18462
18471
18482
18486
18490
18493
18495
18496
18508
18510
18513
18518
18528
18531
18533
18562
18567
18568
18598
18609
18626
18633
18639
18642
18648
18652
18654
18670
18677
18687
18692
18701
18710
18720
18750
18751
18758
18761
18768
18773
18787
18793
18796
18802
18804
18812
18813
18816
18825
18827
18832
18841
18846
18849
18859
18867
18872
18874
18879
18881
18885
18895
18898
18917
18940
18952
18965
18967
18979
18980
18984
19007
19027
19043
19045
19058
19064
19065
19087
19094
19105
19106
19112
19124
19128
19134
19135
19140
19142
19154
19155
19161
19173
19178
19187
19198
19209
19212
19216
19225
19235
19241
19245
19253
19257
19259
19263
19269
19271
19273
19277
19279
19289
19290
19316
19317
19336
19343
19348
19363
19378
19392
19403
19414
19415
19419
19445
19446
19448
19461
19482
19487
19493
19494
19496
19501
19503
19509
19511
19513
19526
19528
19532
19533
19540
19562
19581
19595
19603
19607
19626
19637
19638
19646
19648
19655
19664
19689
19691
19702
19703
19705
19706
19707
19709
19724
19731
19733
19741
19746
19747
19757
19758
19760
19763
19780
19786
19788
19791
19792
19798
19814
19819
19825
19831
19833
19854
19855
19863
19871
19878
19927
19942
19946
19948
19949
19952
19958
19969
19974
19976
19980
19983
19993
19994
20001
20014
20016
20022
20041
20062
20074
20076
20083
20111
20116
20132
20134
20153
20156
20159
20162
20177
20183
20185
20192
20208
20220
20223
20228
20259
20272
20275
20278
20279
20282
20303
20324
20335
20346
20372
20384
20399
20430
20433
20434
20457
20464
20469
20480
20481
20523
20529
20533
20542
20567
20569
20577
20588
20594
20600
20603
20610
20620
20622
20627
20636
20646
20647
20655
20665
20669
20685
20707
20713
20721
20726
20742
20749
20761
20768
20779
20787
20801
20813
20843
20851
20858
20873
20886
20893
20897
20906
20916
20922
20929
20933
20936
20943
20945
20971
20975
20998
21000
21008
21021
21062
21066
21070
21072
21086
21100
21101
21104
21106
21110
21116
21126
21130
21137
21141
21150
21163
21166
21191
21201
21206
21211
21212
21213
21219
21222
21224
21225
21230
21235
21242
21257
21265
21267
21273
21282
21285
21287
21293
21296
21298
21302
21314
21319
21330
21334
21335
21337
21344
21350
21352
21355
21359
21363
21374
21384
21405
21407
21418
21421
21423
21427
21448
21452
21466
21467
21478
21522
21535
21551
21556
21562
21574
21577
21578
21588
21592
21601
21614
21617
21619
21622
21625
21629
21635
21653
21654
21655
21657
21661
21670
21681
21682
21687
21697
21715
21718
21720
21721
21732
21733
21734
21744
21745
21758
21760
21762
21778
21780
21786
21790
21791
21793
21800
21804
21812
21819
21830
21834
21835
21842
21846
21861
21865
21867
21886
21889
21898
21899
21918
21922
21929
21935
21936
21942
21947
21960
21965
21966
21968
21971
21995
22004
22009
22031
22032
22037
22050
22061
22081
22087
22090
22093
22104
22105
22106
22110
22119
22137
22176
22193
22197
22216
22226
22228
22229
22249
22259
22277
22281
22282
22283
22334
22353
22354
22355
22356
22360
22361
22371
22390
22401
22406
22410
22419
22421
22428
22433
22447
22469
22483
22484
22485
22495
22509
22512
22525
22526
22527
22530
22535
22545
22560
22564
22565
22568
22586
22599
22606
22618
22620
22624
22629
22648
22651
22655
22661
22666
22678
22688
22692
22709
22713
22719
22739
22747
22756
22765
22778
22782
22795
22809
22813
22817
22822
22834
22842
22862
22869
22874
22883
22889
22896
22906
22907
22916
22918
22919
22928
22934
22938
22939
22940
22944
22948
22963
22969
22971
23000
23003
23007
23015
23032
23058
23071
23072
23080
23082
23090
23091
23094
23114
23137
23161
23178
23182
23196
23212
23213
23217
23218
23219
23221
23225
23234
23235
23241
23242
23244
23246
23254
23258
23267
23273
23280
23281
23285
23288
23292
23295
23316
23317
23326
23327
23332
23333
23334
23349
23360
23361
23365
23374
23376
23379
23391
23418
23422
23431
23443
23448
23454
23459
23474
23484
23497
23512
23518
23532
23534
23538
23539
23544
23547
23558
23584
23601
23612
23614
23620
23627
23667
23668
23682
23694
23696
23705
23707
23709
23710
23712
23723
23724
23726
23742
23751
23764
23771
23776
23802
23813
23818
23826
23827
23834
23840
23848
23866
23867
23874
23896
23912
23921
23927
23934
23940
23943
23953
23961
23964
23973
23979
23981
23990
24012
24019
24033
24047
24051
24058
24069
24072
24090
24091
24095
24098
24102
24108
24123
24126
24132
24140
24142
24157
24164
24195
24213
24244
24245
24248
24254
24262
24264
24271
24288
24295
24311
24320
24328
24338
24356
24363
24367
24375
24380
24381
24390
24401
24403
24412
24426
24427
24430
24431
24458
24461
24468
24475
24493
24495
24499
24506
24507
24514
24515
24517
24526
24535
24539
24546
24571
24580
24583
24593
24597
24604
24625
24629
24633
24638
24653
24658
24660
24662
24664
24665
24668
24670
24675
24677
24688
24691
24696
24701
24712
24720
24732
24755
24776
24797
24801
24806
24811
24820
24834
24838
24852
24857
24867
24871
24875
24879
24894
24898
24901
24903
24913
24958
24965
24991
24994
24999
25000
25002
25004
25019
25031
25036
25051
25052
25062
25078
25088
25098
25113
25120
25133
25141
25148
25151
25180
25207
25216
25227
25241
25245
25246
25253
25256
25267
25284
25297
25306
25321
25326
25328
25340
25353
25381
25385
25393
25397
25410
25416
25417
25422
25441
25448
25461
25488
25505
25510
25519
25523
25528
25537
25567
25568
25571
25577
25614
25625
25627
25628
25649
25657
25676
25683
25689
25697
25703
25708
25714
25716
25717
25755
25778
25789
25790
25793
25810
25812
25826
25830
25836
25851
25864
25866
25869
25871
25872
25885
25889
25890
25894
25897
25906
25916
25917
25919
25926
25929
25931
25947
25952
25953
25972
25978
25986
26009
26026
26029
26063
26068
26083
26134
26145
26156
26171
26173
26174
26180
26185
26191
26203
26208
26222
26247
26250
26259
26261
26269
26270
26283
26286
26291
26295
26300
26301
26303
26309
26336
26349
26350
26360
26367
26379
26381
26383
26387
26391
26396
26402
26414
26423
26433
26442
26446
26463
26468
26472
26473
26479
26483
26484
26491
26518
26519
26524
26528
26537
26563
26565
26593
26595
26600
26602
26604
26621
26634
26636
26637
26643
26655
26662
26671
26672
26673
26680
26703
26704
26709
26723
26725
26732
26734
26741
26745
26748
26756
26773
26775
26781
26785
26788
26791
26794
26798
26812
26821
26831
26832
26833
26838
26884
26886
26888
26892
26895
26903
26910
26921
26924
26929
26935
26936
26937
26942
26948
26953
26955
26981
26993
26999
27001
27002
27003
27013
27039
27049
27077
27081
27087
27091
27098
27102
27107
27114
27129
27138
27143
27151
27153
27158
27167
27171
27175
27180
27181
27182
27192
27198
27201
27205
27207
27215
27220
27221
27232
27241
27242
27243
27254
27266
27275
27286
27287
27295
27319
27325
27333
27343
27358
27384
27386
27387
27397
27403
27415
27430
27439
27450
27468
27475
27482
27485
27487
27499
27505
27508
27513
27515
27522
27524
27544
27551
27556
27562
27563
27569
27577
27580
27581
27592
27594
27599
27620
27626
27630
27645
27648
27664
27673
27680
27683
27699
27709
27713
27714
27716
27718
27737
27746
27749
27750
27755
27763
27772
27779
27782
27792
27799
27805
27828
27838
27840
27843
27846
27850
27858
27887
27895
27902
27905
27906
27918
27920
27925
27928
27937
27971
27983
28001
28003
28012
28017
28021
28032
28042
28044
28047
28049
28071
28075
28076
28077
28084
28111
28113
28114
28119
28122
28123
28130
28157
28159
28160
28163
28169
28179
28189
28193
28197
28203
28216
28224
28227
28237
28246
28253
28279
28290
28298
28305
28306
28312
28316
28317
28330
28345
28351
28356
28358
28360
28362
28371
28372
28374
28378
28383
28417
28433
28445
28460
28487
28488
28502
28506
28508
28516
28536
28541
28547
28551
28553
28554
28558
28567
28569
28573
28574
28584
28592
28594
28595
28598
28600
28604
28619
28628
28630
28650
28651
28656
28661
28662
28670
28680
28691
28694
28695
28696
28698
28705
28708
28722
28724
28726
28736
28739
28746
28749
28778
28781
28787
28788
28796
28797
28801
28805
28823
28839
28852
28856
28858
28865
28866
28891
28893
28913
28923
28930
28936
28945
28948
28952
28970
28974
28979
28985
28988
28990
29019
29030
29031
29053
29060
29064
29066
29070
29071
29078
29094
29095
29125
29132
29139
29144
29156
29160
29165
29176
29206
29218
29227
29230
29237
29244
29250
29256
29278
29282
29289
29302
29306
29308
29309
29325
29347
29348
29349
29362
29367
29377
29385
29388
29392
29401
29408
29432
29434
29441
29451
29456
29459
29467
29476
29492
29497
29505
29506
29508
29509
29516
29542
29543
29548
29561
29578
29584
29590
29603
29613
29615
29618
29620
29621
29625
29628
29634
29636
29654
29656
29657
29664
29674
29678
29694
29710
29713
29734
29742
29748
29749
29762
29766
29768
29780
29787
29803
29816
29826
29836
29837
29841
29844
29845
29852
29860
29870
29871
29878
29880
29896
29929
29937
29950
29952
29954
29964
29966
29970
29990
30004
30005
30008
30012
30021
30023
30024
30032
30041
30047
30052
30063
30078
30096
30102
30120
30121
30125
30128
30131
30142
30148
30153
30162
30163
30174
30179
30187
30194
30201
30223
30226
30232
30235
30242
30244
30258
30263
30265
30267
30291
30292
30296
30299
30304
30321
30327
30329
30340
30363
30367
30388
30392
30402
30403
30409
30417
30427
30448
30449
30466
30467
30468
30470
30471
30495
30498
30501
30506
30534
30541
30543
30549
30561
30562
30564
30568
30577
30591
30595
30597
30609
30611
30612
30623
30626
30628
30636
30642
30644
30645
30647
30653
30655
30667
30675
30681
30684
30694
30695
30705
30707
30712
30715
30734
30755
30760
30764
30767
30783
30789
30815
30820
30830
30839
30852
30858
30862
30864
30877
30879
30881
30883
30888
30891
30915
30916
30917
30923
30925
30940
30947
30956
30972
30975
30978
31003
31005
31011
31015
31025
31027
31038
31040
31052
31058
31059
31088
31091
31108
31122
31131
31148
31149
31152
31154
31156
31163
31164
31167
31171
31181
31182
31183
31194
31198
31201
31206
31209
31213
31214
31218
31227
31238
31251
31259
31262
31266
31271
31272
31284
31293
31318
31344
31350
31361
31364
31367
31370
31373
31377
31381
31389
31394
31397
31408
31409
31421
31450
31454
31464
31466
31474
31481
31482
31496
31499
31505
31519
31531
31536
31545
31548
31556
31558
31563
31577
31600
31602
31614
31633
31637
31650
31660
31662
31674
31689
31691
31700
31705
31728
31739
31745
31746
31764
31784
31789
31808
31823
31841
31843
31844
31845
31857
31871
31882
31891
31892
31893
31898
31907
31916
31917
31923
31931
31933
31935
31949
31954
31958
31961
31967
31971
31976
31979
31980
31988
31989
31992
31993
31997
31999
32031
32036
32049
32053
32059
32064
32071
32072
32073
32087
32094
32101
32113
32116
32131
32134
32137
32147
32171
32172
32178
32180
32190
32191
32198
32218
32224
32227
32229
32230
32241
32243
32252
32254
32272
32273
32275
32280
32307
32314
32334
32339
32367
32372
32373
32376
32378
32384
32400
32403
32405
32412
32416
32418
32422
32423
32440
32443
32459
32460
32463
32470
32479
32480
32487
32490
32499
32504
32508
32515
32517
32528
32530
32532
32537
32543
32549
32552
32573
32574
32581
32582
32585
32587
32593
32600
32616
32620
32625
32628
32640
32648
32657
32666
32680
32683
32685
32708
32723
32728
32731
32732
32737
32745
32749
32761
32768
32787
32801
32812
32815
32821
32827
32838
32839
32841
32851
32857
32869
32876
32886
32892
32893
32899
32926
32937
32945
32947
32968
32969
32972
32990
33002
33011
33016
33026
33036
33044
33062
33066
33078
33080
33090
33093
33097
33106
33107
33108
33111
33115
33118
33124
33140
33143
33144
33146
33154
33155
33157
33169
33184
33192
33194
33198
33202
33228
33237
33249
33266
33269
33274
33282
33284
33285
33287
33292
33293
33296
33302
33303
33309
33311
33317
33324
33346
33352
33385
33391
33393
33394
33405
33416
33424
33445
33449
33451
33453
33454
33460
33465
33478
33487
33499
33505
33516
33517
33518
33549
33557
33575
33581
33595
33600
33602
33613
33615
33625
33630
33635
33637
33662
33666
33673
33676
33692
33696
33699
33700
33706
33708
33745
33754
33761
33771
33774
33780
33785
33790
33829
33833
33835
33838
33853
33859
33877
33881
33893
33900
33901
33902
33907
33916
33934
33956
33974
33980
33994
33996
34007
34009
34014
34019
34021
34026
34028
34060
34061
34066
34068
34075
34090
34092
34103
34112
34117
34128
34135
34140
34146
34163
34181
34184
34198
34226
34230
34240
34244
34248
34253
34256
34257
34262
34263
34264
34284
34286
34299
34301
34302
34327
34346
34367
34373
34381
34397
34401
34408
34416
34421
34426
34431
34448
34471
34473
34477
34478
34490
34495
34500
34509
34521
34524
34530
34537
34549
34559
34560
34569
34571
34588
34591
34592
34596
34601
34609
34614
34616
34623
34637
34648
34653
34655
34679
34703
34711
34728
34738
34742
34756
34781
34783
34790
34794
34805
34822
34827
34836
34841
34842
34848
34850
34851
34854
34877
34884
34886
34894
34896
34903
34913
34917
34928
34929
34930
34944
34952
34954
34970
34976
34986
34988
34995
34996
35004
35005
35023
35031
35045
35051
35052
35054
35059
35064
35071
35072
35079
35080
35082
35096
35101
35106
35109
35140
35146
35153
35154
35165
35195
35201
35202
35218
35226
35252
35258
35262
35265
35274
35276
35285
35287
35289
35295
35314
35317
35321
35328
35334
35342
35350
35367
35372
35374
35380
35381
35399
35409
35435
35440
35463
35474
35485
35500
35505
35516
35519
35523
35531
35536
35551
35562
35568
35570
35571
35577
35579
35586
35596
35603
35611
35612
35617
35624
35625
35643
35653
35654
35678
35682
35696
35708
35723
35729
35755
35756
35757
35760
35762
35766
35769
35784
35788
35792
35795
35804
35817
35850
35853
35854
35867
35874
35888
35889
35896
35914
35916
35920
35926
35927
35945
35948
35953
35956
35958
35960
35961
35972
35977
35980
35992
35993
35994
35997
36001
36024
36059
36063
36067
36077
36088
36115
36118
36119
36120
36131
36135
36145
36148
36150
36152
36158
36161
36174
36175
36178
36179
36210
36222
36223
36231
36243
36244
36245
36251
36255
36256
36261
36269
36271
36274
36283
36290
36322
36328
36340
36363
36374
36378
36396
36400
36413
36420
36422
36437
36461
36463
36488
36500
36511
36525
36535
36543
36552
36564
36588
36596
36598
36607
36608
36613
36662
36686
36700
36706
36722
36723
36726
36727
36731
36743
36746
36769
36780
36785
36793
36803
36805
36806
36814
36819
36821
36828
36851
36858
36860
36862
36864
36869
36875
36877
36878
36880
36889
36896
36906
36921
36933
36938
36957
36965
36992
36993
36999
