32
95
204
333
453
600
730
802
808
856
1038
1131
1157
1211
1274
1371
1511
1525
1732
1764
1871
2142
2268
2503
2639
2723
2738
2849
2985
2998
3014
3092
3434
3437
3478
3566
3624
3805
3812
3838
3859
3904
4019
4097
4142
4153
4280
4517
4563
4572
4686
4774
4792
4821
4944
4972
5054
5083
5152
5252
5258
5268
5425
5452
5504
5626
5639
5709
5715
5837
5926
5945
6058
6078
6335
6384
6387
6451
6640
6669
6915
6919
6999
7221
7522
7617
7710
7823
7859
7949
8062
8079
8096
8121
8139
8219
8230
8242
8283
8315
8394
8428
8615
8679
8720
8784
8884
8899
9146
9168
9302
9344
9358
9361
9364
9570
9582
9657
9699
9732
9797
9811
9894
9932
10030
10115
10136
10148
10222
10260
10268
10298
10311
10325
10512
10637
10651
10666
10693
10795
10907
10917
10952
10956
11007
11100
11111
11178
11268
11285
11489
11518
11564
11582
11646
11654
11779
11821
11862
11879
11933
11934
11984
12140
12225
12296
12336
12463
12709
12834
12907
12965
13063
13130
13171
13320
13466
13732
13879
13908
14031
14095
14200
14310
14312
14315
14421
14537
15100
15113
15127
15170
15217
15267
15273
15288
15396
15408
15415
15459
15704
15720
15725
15735
15754
15788
15867
15895
16099
16122
16195
16285
16369
16396
16419
16488
16527
16686
16706
16730
16737
16799
16988
17040
17187
17245
17268
17354
17394
17516
17533
17558
17602
17622
17636
17650
17683
17787
17980
18009
18036
18059
18163
18425
18713
18754
18817
18857
18937
18944
19169
19276
19288
19330
19411
19479
19521
19599
19696
19847
19873
20255
20285
20412
20571
20666
20677
20694
20727
20730
20732
20748
20891
20909
20917
20988
20996
21009
21145
21190
21387
21392
21460
21602
21691
21702
21757
21945
22021
22033
22169
22339
22368
22438
22454
22594
22604
22622
22716
22742
22858
22875
22894
22992
23083
23096
23176
23289
23343
23387
23452
23567
23671
23717
23718
24008
24135
24206
24276
24376
24478
24534
24594
24637
24747
24861
24892
24905
24934
25071
25073
25208
25271
25275
25374
25387
25522
25711
25728
25770
25832
25863
25888
25893
25903
25946
25985
26237
26304
26347
26509
26560
26591
26715
26739
26805
26878
26907
26925
26931
27068
27088
27209
27328
27334
27454
27476
27552
27685
27721
27796
27835
27853
27913
27944
28274
28303
28389
28474
28590
28728
28859
28977
29035
29100
29157
29303
29333
29339
29357
29549
29785
29904
29925
30076
30208
30589
30737
30763
31073
31075
31328
31489
31620
31636
31771
31870
31946
32009
32088
32112
32297
32448
32465
32579
32636
32716
32783
32896
32918
32955
33152
33177
33231
33328
33353
33589
33604
33670
33688
33937
34084
34115
34179
34380
34457
34483
34485
34532
34584
34631
34656
34685
34750
34762
34878
34902
34911
34953
34987
35041
35681
35915
36074
36083
36177
36204
36254
36464
36603
36792
