75
84
161
202
210
223
228
235
262
264
341
356
368
385
399
403
415
424
463
482
505
593
619
625
639
646
660
781
782
818
822
828
855
867
879
884
891
904
948
954
962
972
993
997
1035
1045
1058
1097
1182
1196
1199
1213
1245
1258
1281
1295
1317
1489
1513
1536
1605
1623
1636
1643
1719
1721
1772
1807
1821
1861
1915
1924
1997
2048
2094
2156
2186
2195
2211
2238
2265
2282
2321
2419
2435
2462
2473
2475
2509
2510
2524
2549
2566
2574
2597
2618
2632
2638
2718
2739
2805
2817
2825
2842
2848
2875
2880
2891
2896
3030
3049
3050
3053
3076
3095
3192
3199
3219
3229
3270
3287
3331
3363
3365
3367
3384
3397
3412
3425
3492
3495
3511
3545
3593
3600
3631
3632
3688
3746
3763
3770
3793
3801
3837
3861
3873
3932
3934
3935
3936
3952
3971
4017
4028
4042
4063
4070
4087
4111
4139
4149
4207
4231
4252
4296
4314
4364
4383
4408
4410
4426
4493
4501
4503
4506
4533
4568
4579
4595
4597
4692
4716
4752
4761
4763
4809
4859
4895
4937
4957
4960
4999
5023
5058
5136
5139
5209
5257
5302
5391
5408
5439
5445
5505
5573
5575
5581
5588
5612
5614
5662
5711
5721
5756
5778
5867
5883
5902
5963
5980
5985
5993
6023
6108
6146
6168
6194
6216
6229
6243
6250
6267
6293
6458
6460
6468
6513
6543
6592
6594
6644
6658
6676
6678
6703
6754
6800
6884
6901
6923
6960
6973
6987
7038
7048
7181
7203
7217
7231
7265
7273
7314
7344
7359
7363
7432
7441
7460
7465
7470
7508
7558
7577
7582
7608
7651
7695
7712
7736
7777
7835
7862
7893
7993
8084
8117
8188
8214
8223
8262
8383
8409
8416
8443
8447
8448
8457
8557
8568
8585
8609
8632
8658
8667
8677
8715
8790
8791
8801
8861
8904
9025
9106
9139
9159
9162
9163
9206
9297
9314
9345
9378
9390
9433
9435
9452
9466
9516
9537
9596
9621
9630
9632
9651
9663
9669
9671
9685
9724
9735
9798
9833
9873
9939
9940
9943
9993
10031
10037
10043
10046
10057
10080
10138
10196
10210
10226
10258
10265
10314
10315
10331
10343
10377
10395
10433
10473
10479
10489
10503
10508
10509
10518
10570
10578
10603
10608
10617
10635
10699
10730
10792
10806
10809
10814
10823
10879
10904
10908
10925
10927
10941
10945
10990
11014
11027
11051
11078
11112
11188
11191
11218
11230
11231
11259
11267
11281
11356
11372
11389
11448
11479
11490
11560
11578
11613
11658
11659
11694
11698
11805
11825
11829
11854
11876
11910
11914
11926
11938
12019
12030
12073
12100
12129
12152
12162
12178
12185
12187
12196
12220
12239
12283
12358
12361
12368
12402
12419
12432
12438
12469
12487
12508
12542
12546
12551
12603
12607
12618
12656
12666
12672
12681
12756
12841
12845
12849
12863
12871
12978
12980
12991
13028
13051
13065
13094
13111
13114
13132
13135
13197
13210
13219
13288
13387
13403
13429
13438
13448
13489
13504
13639
13670
13712
13716
13722
13758
13761
13773
13787
13805
13826
13847
13938
13985
13998
14045
14067
14073
14114
14152
14186
14263
14278
14286
14290
14293
14299
14366
14375
14387
14406
14436
14543
14566
14585
14586
14597
14666
14800
14804
14902
14989
15034
15101
15119
15131
15142
15175
15195
15219
15232
15242
15251
15295
15306
15372
15412
15417
15425
15491
15515
15600
15614
15629
15642
15654
15655
15658
15698
15746
15749
15753
15793
15832
15850
15858
15870
15882
15888
15899
15927
15933
15934
15937
15940
15966
15968
15973
15980
15989
16011
16015
16026
16048
16069
16084
16115
16129
16155
16191
16210
16217
16224
16281
16295
16307
16371
16398
16404
16425
16428
16432
16489
16613
16643
16648
16674
16675
16679
16755
16814
16835
16837
16847
16945
16949
16966
16978
16985
16991
16992
17010
17023
17034
17069
17080
17112
17117
17183
17231
17298
17318
17319
17365
17490
17545
17586
17617
17626
17642
17653
17765
17785
17827
17896
17903
17921
17942
17948
17962
17996
18008
18013
18016
18018
18043
18044
18047
18070
18104
18116
18147
18157
18175
18206
18208
18225
18257
18292
18303
18473
18521
18549
18552
18625
18702
18717
18770
18942
18962
18975
19014
19022
19031
19061
19080
19091
19099
19119
19123
19183
19193
19213
19242
19250
19251
19299
19301
19311
19366
19369
19391
19430
19440
19453
19454
19464
19500
19564
19578
19580
19590
19636
19662
19722
19734
19765
19800
19806
19809
19832
19835
19862
19902
19904
19931
19940
19959
20023
20047
20050
20114
20144
20160
20201
20261
20330
20353
20362
20369
20371
20419
20446
20492
20498
20501
20556
20587
20608
20664
20671
20718
20736
20757
20760
20772
20810
20845
20867
20874
20928
20959
20994
21051
21063
21069
21099
21119
21125
21181
21184
21202
21233
21258
21259
21278
21297
21377
21389
21393
21472
21513
21515
21525
21529
21564
21591
21685
21749
21756
21769
21773
21854
21863
21882
21915
21932
21950
22007
22015
22016
22039
22053
22082
22108
22114
22126
22181
22189
22266
22268
22344
22346
22435
22465
22487
22488
22498
22506
22508
22522
22537
22559
22615
22696
22725
22757
22779
22784
22788
22839
22852
22853
22863
22868
22878
22892
22933
22981
23062
23115
23142
23154
23160
23162
23170
23249
23274
23320
23356
23359
23368
23381
23415
23425
23463
23482
23496
23572
23615
23631
23635
23716
23730
23747
23748
23831
23839
23865
23869
23894
23980
24001
24005
24015
24020
24024
24025
24041
24068
24079
24111
24145
24147
24168
24174
24212
24223
24315
24333
24339
24341
24349
24365
24434
24437
24447
24469
24483
24487
24524
24618
24619
24623
24630
24659
24679
24709
24725
24726
24728
24766
24769
24789
24791
24847
24866
24891
24910
24973
25014
25020
25024
25089
25094
25134
25147
25280
25298
25314
25331
25375
25383
25395
25396
25430
25433
25445
25449
25468
25485
25506
25540
25550
25552
25570
25596
25611
25638
25644
25653
25656
25658
25673
25694
25743
25799
25855
25878
25879
25891
25892
25922
25942
25969
26003
26019
26081
26101
26123
26150
26159
26161
26200
26273
26290
26334
26337
26369
26376
26422
26425
26453
26493
26510
26597
26638
26740
26759
26808
26828
26829
26845
26897
26933
26946
26961
26998
27027
27094
27230
27256
27263
27336
27341
27393
27407
27425
27479
27504
27590
27607
27617
27633
27634
27662
27671
27701
27735
27745
27768
27791
27794
27800
27849
27873
27897
27908
27921
27927
27935
27942
27957
27958
27966
27986
28002
28007
28011
28028
28100
28101
28105
28164
28166
28204
28239
28261
28283
28337
28338
28387
28436
28617
28621
28641
28678
28682
28763
28786
28793
28806
28832
28833
28842
28846
28884
28889
28914
28926
28940
28942
28944
28969
28971
28994
29000
29041
29044
29052
29167
29236
29297
29319
29321
29329
29364
29384
29431
29463
29494
29522
29537
29546
29559
29575
29623
29637
29641
29669
29685
29705
29717
29751
29773
29802
29854
29856
29869
29900
29902
29921
29959
29974
29977
29987
30030
30043
30050
30059
30071
30082
30127
30137
30170
30177
30218
30221
30268
30294
30332
30344
30418
30420
30460
30473
30482
30488
30556
30677
30749
30785
30832
30854
30901
30918
30929
30944
30957
30973
30976
31010
31019
31051
31085
31092
31094
31210
31231
31269
31280
31295
31371
31391
31401
31410
31433
31469
31491
31492
31497
31520
31535
31559
31565
31591
31596
31605
31606
31625
31627
31643
31672
31673
31692
31704
31772
31802
31866
31922
31928
31981
32046
32061
32105
32170
32220
32226
32256
32260
32266
32299
32333
32343
32350
32370
32391
32404
32409
32410
32420
32439
32451
32511
32541
32602
32759
32793
32805
32819
32855
32883
32904
32965
32976
33019
33024
33041
33098
33227
33256
33257
33261
33280
33300
33347
33368
33390
33482
33504
33556
33585
33597
33608
33617
33629
33694
33710
33736
33818
33819
33865
33870
33876
33885
33897
33911
33918
33926
33929
33948
33953
33955
34051
34052
34070
34080
34082
34102
34161
34174
34280
34292
34296
34298
34311
34339
34343
34348
34358
34438
34447
34467
34512
34600
34608
34677
34678
34691
34734
34737
34788
34789
34816
34821
34839
34876
34891
34936
34977
34983
34985
34999
35019
35047
35073
35099
35100
35122
35139
35156
35273
35338
35377
35396
35503
35545
35615
35629
35635
35661
35703
35728
35734
35773
35776
35787
35816
35821
35822
35895
35923
35925
35971
35999
36037
36110
36117
36144
36167
36238
36266
36286
36293
36297
36304
36332
36339
36342
36343
36376
36398
36475
36553
36565
36604
36672
36720
36734
36744
36778
36779
36791
36813
36818
36823
36831
36833
36853
36861
36867
36868
36886
36892
36911
36961
36991
