38
116
126
185
285
332
374
476
499
510
518
554
735
770
776
795
800
831
957
969
981
1006
1068
1080
1100
1165
1168
1186
1247
1304
1369
1405
1443
1557
1574
1687
1766
1797
1836
1844
1859
1942
1950
2024
2217
2220
2237
2274
2290
2319
2323
2368
2409
2453
2471
2564
2624
2657
2697
2705
2773
2789
2796
2810
2827
2884
2977
3006
3090
3105
3376
3385
3487
3541
3622
3705
3711
3806
3889
3910
3992
4015
4309
4320
4330
4354
4486
4524
4560
4648
4737
4755
4801
4806
5031
5162
5250
5360
5377
5468
5675
5785
5864
5866
5933
6069
6130
6318
6372
6455
6481
6583
6611
6652
6655
6663
6769
6775
6778
6787
6816
6854
6861
6965
7056
7091
7092
7161
7174
7185
7193
7230
7368
7385
7439
7442
7595
7635
7636
7668
7750
7759
7839
7917
7971
7977
8152
8193
8329
8351
8364
8397
8399
8418
8431
8460
8528
8551
8604
8613
8636
8639
8678
8710
8717
8758
8772
8773
8817
8839
8900
8935
8999
9069
9095
9125
9215
9287
9372
9451
9462
9470
9497
9579
9584
9643
9772
9880
9897
9899
9909
10018
10073
10181
10238
10261
10267
10313
10317
10344
10361
10389
10415
10467
10502
10514
10625
10646
10766
10786
10892
11084
11151
11164
11192
11270
11275
11320
11454
11486
11580
11610
11632
11635
11752
11762
11909
11996
12028
12121
12126
12253
12377
12416
12504
12507
12612
12684
12732
12758
12808
13021
13222
13225
13254
13258
13316
13409
13456
13588
13606
13615
13659
13898
13922
13929
13940
13946
13972
14036
14131
14154
14254
14279
14316
14347
14411
14637
14685
14757
14801
14918
14993
15014
15039
15140
15169
15245
15316
15319
15340
15374
15399
15496
15527
15630
15755
15777
15889
15918
16043
16098
16188
16271
16337
16350
16445
16469
16501
16529
16559
16594
16707
16954
16955
16977
16987
16996
17017
17100
17199
17300
17409
17509
17571
17743
17777
17788
17806
17848
17883
17976
18042
18065
18110
18134
18275
18368
18391
18402
18468
18547
18653
18675
18688
18689
18709
18714
18738
18764
18784
18925
19085
19170
19274
19361
19388
19408
19428
19475
19515
19541
19553
19612
19619
19659
19672
19748
19770
19836
19950
20008
20017
20046
20049
20209
20310
20361
20365
20379
20468
20489
20491
20519
20532
20576
20654
20719
20765
20812
20894
20934
20968
21020
21030
21057
21089
21295
21307
21426
21431
21455
21506
21518
21593
21677
21703
21949
21964
22003
22027
22066
22069
22113
22140
22183
22211
22219
22227
22405
22425
22496
22519
22534
22631
22638
22783
22855
22871
23057
23065
23159
23168
23201
23204
23231
23304
23352
23677
23763
23781
23786
23885
23950
23977
24014
24155
24171
24191
24279
24282
24371
24474
24651
24792
25030
25086
25105
25114
25170
25218
25309
25421
25429
25484
25502
25514
25557
25678
25695
25707
25774
25776
25824
25848
25923
25980
26000
26024
26082
26094
26328
26399
26460
26480
26514
26543
26561
26685
26782
26842
26991
27040
27061
27119
27145
27212
27285
27335
27362
27423
27432
27438
27523
27598
27612
27711
27761
27803
27855
27916
27969
27992
27998
28019
28036
28085
28152
28154
28258
28285
28352
28401
28423
28468
28477
28503
28576
28620
28835
28946
28991
28995
28999
29042
29247
29343
29396
29493
29573
29585
29718
29754
29883
29975
29997
30066
30070
30224
30229
30281
30306
30447
30580
30610
30725
30746
30748
30781
30796
30835
30845
30882
30908
30945
31009
31057
31071
31083
31155
31220
31300
31317
31319
31400
31431
31470
31549
31639
31669
31675
31681
31735
31885
31904
32012
32075
32096
32104
32274
32354
32377
32430
32510
32571
32622
32712
32741
32858
32981
32988
33028
33201
33254
33337
33430
33474
33526
33583
33682
33786
33824
33850
33931
33935
34069
34110
34139
34237
34349
34383
34412
34430
34544
34699
34803
34849
34906
34955
34984
35008
35085
35118
35119
35225
35437
35575
35620
35679
35689
35692
35700
35745
35747
35753
35771
35814
35830
35852
35885
35934
36033
36066
36085
36211
36229
36279
36308
36345
36498
36522
36590
36643
36704
36767
36768
36795
